Iteration	CPUTime	PhysTime	Travels	Value	AvValue	MinValue	MaxValue	Delta	Criteria	PrevAvRefValue	Progress	CriteriaType	CriteriaVarType	CriteriaPercentage
1	26	0	0.00846366971	109863.438	109863.438	109863.438	109863.438	0	0	0	0	0	0	3
2	32	0	0.0169273394	104805.3	107334.369	104805.3	109863.438	2529.06895	0	0	0	0	0	3
3	38	0	0.0253910091	102755.296	105808.011	102755.296	109863.438	4055.42658	0	0	0	0	0	3
4	44	0	0.0338546789	102096.166	104880.05	102096.166	109863.438	4983.38772	0	0	0	0	0	3
5	49	0	0.0423183486	101824.964	104269.033	101824.964	109863.438	5594.40493	0	0	0	0	0	3
6	54	0	0.0507820183	101609.37	103825.755	101609.37	109863.438	6037.68204	0	0	0	0	0	3
7	59	0	0.059245688	101528.463	103497.571	101528.463	109863.438	6365.86669	0	0	0	0	0	3
8	64	0	0.0677093577	101448.063	103241.382	101448.063	109863.438	6622.05516	0	0	0	0	0	3
9	68	0	0.0761730274	101440.776	103041.315	101440.776	109863.438	6822.1225	0	0	0	0	0	3
10	73	0	0.0846366971	101404.137	102877.597	101404.137	109863.438	6985.84034	0	0	0	0	0	3
11	78	0	0.0931003669	101412.566	102744.413	101404.137	109863.438	7119.02495	0	0	0	0	0	3
12	83	0	0.101564037	101405.322	102632.822	101404.137	109863.438	7230.61583	0	0	0	0	0	3
13	88	0	0.110027706	101414.078	102539.072	101404.137	109863.438	7324.36535	0	0	0	0	0	3
14	93	0	0.118491376	101416.549	102458.892	101404.137	109863.438	7404.54556	0	0	0	0	0	3
15	97	0	0.126955046	101426.728	102390.081	101404.137	109863.438	7473.35647	0	0	0	0	0	3
16	102	0	0.135418715	101432.912	102330.258	101404.137	109863.438	7533.17952	0	0	0	0	0	3
17	107	0	0.143882385	101440.882	102277.942	101404.137	109863.438	7585.49573	0	0	0	0	0	3
18	111	0	0.152346055	101450.392	102231.967	101404.137	109863.438	7631.4707	0	0	0	0	0	3
19	116	0	0.160809725	101458.046	102191.234	101404.137	109863.438	7672.20338	0	0	0	0	0	3
20	121	0	0.169273394	101465.07	102154.926	101404.137	109863.438	7708.51159	0	0	0	0	0	3
21	126	0	0.177737064	101468.934	102122.26	101404.137	109863.438	7741.17785	0	0	0	0	0	3
22	130	0	0.186200734	101473.203	102092.757	101404.137	109863.438	7770.68042	0	0	0	0	0	3
23	135	0	0.194664403	101477.712	102066.016	101404.137	109863.438	7797.42149	0	0	0	0	0	3
24	140	0	0.203128073	101479.765	102041.589	101404.137	109863.438	7821.84862	0	0	0	0	0	3
25	144	0	0.211591743	101480.082	102019.129	101404.137	109863.438	7844.30888	0	0	0	0	0	3
26	149	0	0.220055413	101476.704	101998.266	101404.137	109863.438	7865.17139	0	0	0	0	0	3
27	155	0	0.228519082	101473.441	101978.828	101404.137	109863.438	7884.60935	0	0	0	0	0	3
28	159	0	0.236982752	101469.87	101960.651	101404.137	109863.438	7902.78643	0	0	0	0	0	3
29	164	0	0.245446422	101466.753	101943.62	101404.137	109863.438	7919.8174	0	0	0	0	0	3
30	169	0	0.253910091	101463.811	101927.626	101404.137	109863.438	7935.81104	0	0	0	0	0	3
31	174	0	0.262373761	101459.577	101912.528	101404.137	109863.438	7950.90941	0	0	0	0	0	3
32	180	0	0.270837431	101456.467	101898.276	101404.137	109863.438	7965.16133	0	0	0	0	0	3
33	185	0	0.279301101	101453.851	101884.809	101404.137	109863.438	7978.62877	0	0	0	0	0	3
34	190	0	0.28776477	101450.794	101872.044	101404.137	109863.438	7991.39392	0	0	0	0	0	3
35	195	0	0.29622844	101447.825	101859.923	101404.137	109863.438	8003.51444	0	0	0	0	0	3
36	201	0	0.30469211	101442.987	101848.342	101404.137	109863.438	8015.09599	0	0	0	0	0	3
37	206	0	0.313155779	101438.123	101837.255	101404.137	109863.438	8026.18297	0	0	0	0	0	3
38	212	0	0.321619449	101433.883	101826.639	101404.137	109863.438	8036.79802	0	0	0	0	0	3
39	217	0	0.330083119	101430.612	101816.485	101404.137	109863.438	8046.95257	0	0	0	0	0	3
40	222	0	0.338546789	101428.189	101806.778	101404.137	109863.438	8056.65997	0	0	0	0	0	3
41	227	0	0.347010458	101425.154	101797.47	101404.137	109863.438	8065.96788	0	0	0	0	0	3
42	232	0	0.355474128	101422.859	101788.55	101404.137	109863.438	8074.88718	0	0	0	0	0	3
43	238	0	0.363937798	101421.515	101780.015	101404.137	109863.438	8083.42287	0	0	0	0	0	3
44	243	0	0.372401467	101421.682	101771.871	101404.137	109863.438	8091.5668	0	0	0	0	0	3
45	249	0	0.380865137	101423.57	101764.131	101404.137	109863.438	8099.30683	0	0	0	0	0	3
46	254	0	0.389328807	101426.513	101756.791	101404.137	109863.438	8106.64633	0	0	0	0	0	3
47	260	0	0.397792477	101429.752	101749.833	101404.137	109863.438	8113.60461	0	0	0	0	0	3
48	265	0	0.406256146	101432.919	101743.231	101404.137	109863.438	8120.20698	0	0	0	0	0	3
49	271	0	0.414719816	101435.206	101736.944	101404.137	109863.438	8126.4932	0	0	0	0	0	3
50	276	0	0.423183486	101437.258	101730.951	101404.137	109863.438	8132.48693	0	0	0	0	0	3
51	281	0	0.431647155	101439.238	101725.231	101404.137	109863.438	8138.2068	0	0	0	0	0	3
52	286	0	0.440110825	101441.695	101719.778	101404.137	109863.438	8143.65941	0	0	0	0	0	3
53	292	0	0.448574495	101444.133	101714.577	101404.137	109863.438	8148.86025	0	0	0	0	0	3
54	298	0	0.457038165	101446.709	101709.617	101404.137	109863.438	8153.82078	0	0	0	0	0	3
55	303	0	0.465501834	101449.351	101704.885	101404.137	109863.438	8158.55289	0	0	0	0	0	3
56	308	0	0.473965504	101452.982	101700.386	101404.137	109863.438	8163.05116	0	0	0	0	0	3
57	314	0	0.482429174	101456.918	101696.115	101404.137	109863.438	8167.32253	0	0	0	0	0	3
58	319	0	0.490892843	101461.24	101692.065	101404.137	109863.438	8171.3721	0	0	0	0	0	3
59	324	0	0.499356513	101465.665	101688.228	101404.137	109863.438	8175.2094	0	0	0	0	0	3
60	329	0	0.507820183	101470.174	101684.594	101404.137	109863.438	8178.84363	0	0	0	0	0	3
61	334	0	0.516283853	101474.426	101544.777	101404.137	104805.3	3401.16307	0	0	0	0	0	3
62	339	0	0.524747522	101478.253	101489.326	101404.137	102755.296	1351.15912	0	0	0	0	0	3
63	344	0	0.533211192	101481.499	101468.096	101404.137	102096.166	692.029826	0	0	0	0	0	3
64	349	0	0.541674862	101484.774	101457.906	101404.137	101824.964	420.827189	0	0	0	0	0	3
65	354	0	0.550138531	101487.742	101452.286	101404.137	101609.37	205.233354	0	0	0	0	0	3
66	359	0	0.558602201	101491.193	101450.316	101404.137	101528.463	124.326385	0	0	0	0	0	3
67	364	0	0.567065871	101494.987	101449.759	101404.137	101494.987	90.849957	0	0	0	0	0	3
68	369	0	0.575529541	101499.114	101450.609	101404.137	101499.114	94.9777909	0	0	0	0	0	3
69	374	0	0.58399321	101503.037	101451.647	101404.137	101503.037	98.9005282	0	0	0	0	0	3
70	379	0	0.59245688	101506.558	101453.354	101405.322	101506.558	101.236209	0	0	0	0	0	3
71	384	0	0.60092055	101509.252	101454.965	101405.322	101509.252	103.930182	0	0	0	0	0	3
72	388	0	0.609384219	101511.695	101456.738	101414.078	101511.695	97.6170864	0	0	0	0	0	3
73	393	0	0.617847889	101513.769	101458.4	101416.549	101513.769	97.2197686	0	0	0	0	0	3
74	398	0	0.626311559	101515.191	101460.044	101421.515	101515.191	93.6760156	0	0	0	0	0	3
75	403	0	0.634775229	101516.592	101461.542	101421.515	101516.592	95.0762071	0	0	0	0	0	3
76	407	0	0.643238898	101517.589	101462.953	101421.515	101517.589	96.0732943	0	0	0	0	0	3
77	412	0	0.651702568	101518.583	101464.248	101421.515	101518.583	97.067503	0	0	0	0	0	3
78	416	0	0.660166238	101519.519	101465.4	101421.515	101519.519	98.0030895	0	0	0	0	0	3
79	421	0	0.668629907	101520.149	101466.435	101421.515	101520.149	98.6339651	0	0	0	0	0	3
80	425	0	0.677093577	101520.449	101467.358	101421.515	101520.449	98.9333191	0	0	0	0	0	3
81	430	0	0.685557247	101520.781	101468.222	101421.515	101520.781	99.2652199	0	0	0	0	0	3
82	435	0	0.694020917	101521.415	101469.026	101421.515	101521.415	99.8991899	0	0	0	0	0	3
83	440	0	0.702484586	101521.951	101469.763	101421.515	101521.951	100.435091	0	0	0	0	0	3
84	444	0	0.710948256	101522.206	101470.47	101421.515	101522.206	100.690549	0	0	0	0	0	3
85	449	0	0.719411926	101522.349	101471.175	101421.515	101522.349	100.833245	0	0	0	0	0	3
86	453	0	0.727875595	101522.58	101471.939	101421.515	101522.58	101.06487	0	0	0	0	0	3
87	458	0	0.736339265	101522.766	101472.761	101421.515	101522.766	101.250159	0	0	0	0	0	3
88	462	0	0.744802935	101523.05	101473.648	101421.515	101523.05	101.534257	0	0	0	0	0	3
89	466	0	0.753266605	101523.611	101474.595	101421.515	101523.611	102.095939	0	0	0	0	0	3
90	471	0	0.761730274	101524.053	101475.599	101421.515	101524.053	102.53738	0	0	0	0	0	3
91	475	0	0.770193944	101524.359	101476.679	101421.515	101524.359	102.84337	0	0	0	0	0	3
92	480	0	0.778657614	101524.59	101477.815	101421.515	101524.59	103.074207	0	0	0	0	0	3
93	484	0	0.787121283	101524.622	101478.994	101421.515	101524.622	103.106165	0	0	0	0	0	3
94	488	0	0.795584953	101524.777	101480.227	101421.515	101524.777	103.261713	0	0	0	0	0	3
95	493	0	0.804048623	101524.93	101481.512	101421.515	101524.93	103.414236	0	0	0	0	0	3
96	497	0	0.812512293	101525.073	101482.88	101421.515	101525.073	103.557387	0	0	0	0	0	3
97	502	0	0.820975962	101525.095	101484.33	101421.515	101525.095	103.579247	0	0	0	0	0	3
98	506	0	0.829439632	101524.853	101485.846	101421.515	101525.095	103.579247	0	0	0	0	0	3
99	511	0	0.837903302	101524.646	101487.413	101421.515	101525.095	103.579247	0	0	0	0	0	3
100	515	0	0.846366971	101524.775	101489.023	101421.515	101525.095	103.579247	0	0	0	0	0	3
101	522	0	0.854830641	101525.326	101490.693	101421.515	101525.326	103.810207	0	0	0	0	0	3
102	526	0	0.863294311	101525.676	101492.406	101421.515	101525.676	104.160911	0	0	0	0	0	3
103	530	0	0.871757981	101525.556	101494.14	101421.682	101525.676	103.994663	0	0	0	0	0	3
104	535	0	0.88022165	101525.767	101495.875	101423.57	101525.767	102.19729	0	0	0	0	0	3
105	539	0	0.88868532	101525.597	101497.575	101426.513	101525.767	99.25352	0	0	0	0	0	3
106	543	0	0.89714899	101525.832	101499.231	101429.752	101525.832	96.079632	0	0	0	0	0	3
107	548	0	0.90561266	101526.009	101500.835	101432.919	101526.009	93.0899703	0	0	0	0	0	3
108	552	0	0.914076329	101525.867	101502.384	101435.206	101526.009	90.8026754	0	0	0	0	0	3
109	556	0	0.922539999	101525.679	101503.892	101437.258	101526.009	88.7511924	0	0	0	0	0	3
110	561	0	0.931003669	101525.721	101505.366	101439.238	101526.009	86.7710865	0	0	0	0	0	3
111	565	0	0.939467338	101525.807	101506.809	101441.695	101526.009	84.3137966	0	0	0	0	0	3
112	570	0	0.947931008	101525.7	101508.209	101444.133	101526.009	81.8752381	0	0	0	0	0	3
113	574	0	0.956394678	101525.477	101509.565	101446.709	101526.009	79.3001703	0	0	0	0	0	3
114	579	0	0.964858348	101525.399	101510.877	101449.351	101526.009	76.6579333	0	0	0	0	0	3
115	583	0	0.973322017	101525.523	101512.146	101452.982	101526.009	73.0271366	0	0	0	0	0	3
116	588	0	0.981785687	101526.06	101513.364	101456.918	101526.06	69.1412153	0	0	0	0	0	3
117	592	0	0.990249357	101526.197	101514.519	101461.24	101526.197	64.957718	0	0	0	0	0	3
118	596	0	0.998713026	101526.282	101515.603	101465.665	101526.282	60.6172204	0	0	0	0	0	3
119	600	0	1.0071767	101526.177	101516.611	101470.174	101526.282	56.1078329	40.5347737	0	0	0	0	3
120	605	0	1.01564037	101526.277	101517.546	101474.426	101526.282	51.8564367	40.5347737	0	0	0	0	3
121	609	0	1.02410404	101526.347	101518.412	101478.253	101526.347	48.0943208	40.5347737	0	0	0	0	3
122	613	0	1.03256771	101526.596	101519.217	101481.499	101526.596	45.0971737	40.5347737	0	0	0	0	3
123	617	0	1.04103137	101526.809	101519.973	101484.774	101526.809	42.0355463	40.5347737	0	0	0	0	3
124	622	0	1.04949504	101526.765	101520.672	101487.742	101526.809	39.0671525	40.5347737	0	0	0	0	3
125	626	0	1.05795871	101526.815	101521.324	101491.193	101526.815	35.6221216	40.5347737	0	0	0	0	3
126	631	0	1.06642238	101526.837	101521.918	101494.987	101526.837	31.8502718	40.5347737	0	0	0	0	3
127	635	0	1.07488605	101526.748	101522.447	101499.114	101526.837	27.7224379	40.5347737	0	0	0	0	3
128	639	0	1.08334972	101526.6	101522.905	101503.037	101526.837	23.7997006	40.5347737	0	0	0	0	3
129	644	0	1.09181339	101526.581	101523.298	101506.558	101526.837	20.2785269	40.5347737	0	0	0	0	3
130	648	0	1.10027706	101526.661	101523.633	101509.252	101526.837	17.5845534	40.5347737	0	0	0	0	3
131	652	0	1.10874073	101526.924	101523.927	101511.695	101526.924	15.2293	40.5347737	0	0	0	0	3
132	656	0	1.1172044	101526.929	101524.181	101513.769	101526.929	13.1598956	40.5347737	0	0	0	0	3
133	660	0	1.12566807	101526.746	101524.397	101515.191	101526.929	11.7374334	40.5347737	0	0	0	0	3
134	665	0	1.13413174	101526.687	101524.589	101516.592	101526.929	10.3372419	40.5347737	0	0	0	0	3
135	669	0	1.14259541	101526.55	101524.755	101517.589	101526.929	9.34015468	40.5347737	0	0	0	0	3
136	673	0	1.15105908	101526.762	101524.908	101518.583	101526.929	8.34594601	40.5347737	0	0	0	0	3
137	677	0	1.15952275	101527.145	101525.05	101519.519	101527.145	7.6264341	40.5347737	0	0	0	0	3
138	681	0	1.16798642	101527.175	101525.178	101520.149	101527.175	7.02579322	40.5347737	0	0	0	0	3
139	686	0	1.17645009	101527.215	101525.296	101520.449	101527.215	6.76618883	40.5347737	0	0	0	0	3
140	690	0	1.18491376	101527.036	101525.406	101520.781	101527.215	6.43428801	40.5347737	0	0	0	0	3
141	695	0	1.19337743	101527.1	101525.511	101521.415	101527.215	5.800318	40.5347737	0	0	0	0	3
142	699	0	1.2018411	101527.052	101525.605	101521.951	101527.215	5.26441713	40.5347737	0	0	0	0	3
143	703	0	1.21030477	101527.12	101525.691	101522.206	101527.215	5.008959	40.5347737	0	0	0	0	3
144	707	0	1.21876844	101526.778	101525.767	101522.349	101527.215	4.86626248	40.5347737	0	0	0	0	3
145	711	0	1.22723211	101526.975	101525.844	101522.58	101527.215	4.63463839	40.5347737	0	0	0	0	3
146	716	0	1.23569578	101527.253	101525.922	101522.766	101527.253	4.48711329	40.5347737	0	0	0	0	3
147	720	0	1.24415945	101527.51	101526.001	101523.05	101527.51	4.46056623	40.5347737	0	0	0	0	3
148	724	0	1.25262312	101527.544	101526.076	101523.611	101527.544	3.93279925	40.5347737	0	0	0	0	3
149	728	0	1.26108679	101527.562	101526.142	101524.053	101527.562	3.50940144	40.5347737	0	0	0	0	3
150	732	0	1.26955046	101527.473	101526.199	101524.359	101527.562	3.20341122	40.5347737	0	0	0	0	3
151	737	0	1.27801413	101527.56	101526.252	101524.59	101527.562	2.97257485	40.5347737	0	0	0	0	3
152	741	0	1.2864778	101527.448	101526.3	101524.622	101527.562	2.94061698	40.5347737	0	0	0	0	3
153	745	0	1.29494147	101527.376	101526.346	101524.646	101527.562	2.91645234	40.5347737	0	0	0	0	3
154	749	0	1.30340514	101527.343	101526.389	101524.646	101527.562	2.91645234	40.5347737	0	0	0	0	3
