Iteration	CPUTime	PhysTime	Travels	Value	AvValue	MinValue	MaxValue	Delta	Criteria	PrevAvRefValue	Progress	CriteriaType	CriteriaVarType	CriteriaPercentage
1	26	0	0.00846366971	4.93201077e-05	4.93201077e-05	4.93201077e-05	4.93201077e-05	0	0	0	0	0	0	3
2	32	0	0.0169273394	2.40034171e-06	2.58602247e-05	2.40034171e-06	4.93201077e-05	2.3459883e-05	0	0	0	0	0	3
3	38	0	0.0253910091	-1.24142877e-07	1.71987688e-05	-1.24142877e-07	4.93201077e-05	3.21213388e-05	0	0	0	0	0	3
4	44	0	0.0338546789	-9.25596769e-08	1.28759367e-05	-1.24142877e-07	4.93201077e-05	3.6444171e-05	0	0	0	0	0	3
5	49	0	0.0423183486	-7.26274655e-08	1.02862239e-05	-1.24142877e-07	4.93201077e-05	3.90338838e-05	0	0	0	0	0	3
6	54	0	0.0507820183	-3.54879649e-08	8.56593857e-06	-1.24142877e-07	4.93201077e-05	4.07541691e-05	0	0	0	0	0	3
7	59	0	0.059245688	-6.70879725e-08	7.33264906e-06	-1.24142877e-07	4.93201077e-05	4.19874586e-05	0	0	0	0	0	3
8	64	0	0.0677093577	-4.43064932e-08	6.41052962e-06	-1.24142877e-07	4.93201077e-05	4.29095781e-05	0	0	0	0	0	3
9	68	0	0.0761730274	-9.06688125e-08	5.68817424e-06	-1.24142877e-07	4.93201077e-05	4.36319334e-05	0	0	0	0	0	3
10	73	0	0.0846366971	-1.02364061e-07	5.10912041e-06	-1.24142877e-07	4.93201077e-05	4.42109873e-05	0	0	0	0	0	3
11	78	0	0.0931003669	-6.8677584e-08	4.6384115e-06	-1.24142877e-07	4.93201077e-05	4.46816962e-05	0	0	0	0	0	3
12	83	0	0.101564037	-6.77769483e-08	4.24622913e-06	-1.24142877e-07	4.93201077e-05	4.50738786e-05	0	0	0	0	0	3
13	88	0	0.110027706	-2.44821556e-08	3.91771288e-06	-1.24142877e-07	4.93201077e-05	4.54023948e-05	0	0	0	0	0	3
14	93	0	0.118491376	-3.91074114e-08	3.63508286e-06	-1.24142877e-07	4.93201077e-05	4.56850248e-05	0	0	0	0	0	3
15	97	0	0.126955046	-3.00916626e-08	3.39073789e-06	-1.24142877e-07	4.93201077e-05	4.59293698e-05	0	0	0	0	0	3
16	102	0	0.135418715	-2.05725607e-08	3.17753098e-06	-1.24142877e-07	4.93201077e-05	4.61425767e-05	0	0	0	0	0	3
17	107	0	0.143882385	-2.88849037e-08	2.98891829e-06	-1.24142877e-07	4.93201077e-05	4.63311894e-05	0	0	0	0	0	3
18	111	0	0.152346055	-5.19021089e-08	2.81998382e-06	-1.24142877e-07	4.93201077e-05	4.65001239e-05	0	0	0	0	0	3
19	116	0	0.160809725	-3.98924528e-08	2.66946402e-06	-1.24142877e-07	4.93201077e-05	4.66506437e-05	0	0	0	0	0	3
20	121	0	0.169273394	-4.11194261e-08	2.53393484e-06	-1.24142877e-07	4.93201077e-05	4.67861728e-05	0	0	0	0	0	3
21	126	0	0.177737064	-7.40295334e-08	2.40974606e-06	-1.24142877e-07	4.93201077e-05	4.69103616e-05	0	0	0	0	0	3
22	130	0	0.186200734	-3.28985178e-08	2.29871676e-06	-1.24142877e-07	4.93201077e-05	4.70213909e-05	0	0	0	0	0	3
23	135	0	0.194664403	-2.69911848e-08	2.19759903e-06	-1.24142877e-07	4.93201077e-05	4.71225087e-05	0	0	0	0	0	3
24	140	0	0.203128073	-3.01089229e-08	2.10477786e-06	-1.24142877e-07	4.93201077e-05	4.72153298e-05	0	0	0	0	0	3
25	144	0	0.211591743	-3.49861021e-08	2.0191873e-06	-1.24142877e-07	4.93201077e-05	4.73009204e-05	0	0	0	0	0	3
26	149	0	0.220055413	-4.70080258e-08	1.93971825e-06	-1.24142877e-07	4.93201077e-05	4.73803894e-05	0	0	0	0	0	3
27	155	0	0.228519082	-7.78380883e-08	1.86499394e-06	-1.24142877e-07	4.93201077e-05	4.74551137e-05	0	0	0	0	0	3
28	159	0	0.236982752	-4.54962772e-08	1.79676215e-06	-1.24142877e-07	4.93201077e-05	4.75233455e-05	0	0	0	0	0	3
29	164	0	0.245446422	-5.84340441e-08	1.73278987e-06	-1.24142877e-07	4.93201077e-05	4.75873178e-05	0	0	0	0	0	3
30	169	0	0.253910091	-5.70190788e-08	1.67312957e-06	-1.24142877e-07	4.93201077e-05	4.76469781e-05	0	0	0	0	0	3
31	174	0	0.262373761	-6.54559747e-08	1.61704616e-06	-1.24142877e-07	4.93201077e-05	4.77030615e-05	0	0	0	0	0	3
32	180	0	0.270837431	-7.24882994e-08	1.56424821e-06	-1.24142877e-07	4.93201077e-05	4.77558595e-05	0	0	0	0	0	3
33	185	0	0.279301101	-6.43049838e-08	1.51489812e-06	-1.24142877e-07	4.93201077e-05	4.78052096e-05	0	0	0	0	0	3
34	190	0	0.28776477	-5.6479757e-08	1.46868112e-06	-1.24142877e-07	4.93201077e-05	4.78514266e-05	0	0	0	0	0	3
35	195	0	0.29622844	-6.82120674e-08	1.42476989e-06	-1.24142877e-07	4.93201077e-05	4.78953378e-05	0	0	0	0	0	3
36	201	0	0.30469211	-7.51068003e-08	1.38310664e-06	-1.24142877e-07	4.93201077e-05	4.7937001e-05	0	0	0	0	0	3
37	206	0	0.313155779	-1.27174041e-07	1.34228825e-06	-1.27174041e-07	4.93201077e-05	4.79778194e-05	0	0	0	0	0	3
38	212	0	0.321619449	-9.17464988e-08	1.30455049e-06	-1.27174041e-07	4.93201077e-05	4.80155572e-05	0	0	0	0	0	3
39	217	0	0.330083119	-9.09256075e-08	1.26876905e-06	-1.27174041e-07	4.93201077e-05	4.80513386e-05	0	0	0	0	0	3
40	222	0	0.338546789	-8.6850782e-08	1.23487856e-06	-1.27174041e-07	4.93201077e-05	4.80852291e-05	0	0	0	0	0	3
41	227	0	0.347010458	-6.93526652e-08	1.20306804e-06	-1.27174041e-07	4.93201077e-05	4.81170396e-05	0	0	0	0	0	3
42	232	0	0.355474128	-1.2058713e-07	1.17155244e-06	-1.27174041e-07	4.93201077e-05	4.81485552e-05	0	0	0	0	0	3
43	238	0	0.363937798	-1.04305587e-07	1.14188132e-06	-1.27174041e-07	4.93201077e-05	4.81782264e-05	0	0	0	0	0	3
44	243	0	0.372401467	-9.00214398e-08	1.11388353e-06	-1.27174041e-07	4.93201077e-05	4.82062241e-05	0	0	0	0	0	3
45	249	0	0.380865137	-7.71640058e-08	1.08741581e-06	-1.27174041e-07	4.93201077e-05	4.82326919e-05	0	0	0	0	0	3
46	254	0	0.389328807	-8.45049365e-08	1.06193927e-06	-1.27174041e-07	4.93201077e-05	4.82581684e-05	0	0	0	0	0	3
47	260	0	0.397792477	-8.01629808e-08	1.03763922e-06	-1.27174041e-07	4.93201077e-05	4.82824685e-05	0	0	0	0	0	3
48	265	0	0.406256146	-7.46035407e-08	1.0144675e-06	-1.27174041e-07	4.93201077e-05	4.83056402e-05	0	0	0	0	0	3
49	271	0	0.414719816	-6.94199446e-08	9.92347348e-07	-1.27174041e-07	4.93201077e-05	4.83277603e-05	0	0	0	0	0	3
50	276	0	0.423183486	-8.7378893e-08	9.70752823e-07	-1.27174041e-07	4.93201077e-05	4.83493549e-05	0	0	0	0	0	3
51	281	0	0.431647155	-8.36684303e-08	9.50077896e-07	-1.27174041e-07	4.93201077e-05	4.83700298e-05	0	0	0	0	0	3
52	286	0	0.440110825	-9.52264902e-08	9.29975889e-07	-1.27174041e-07	4.93201077e-05	4.83901318e-05	0	0	0	0	0	3
53	292	0	0.448574495	-8.79551305e-08	9.10769643e-07	-1.27174041e-07	4.93201077e-05	4.8409338e-05	0	0	0	0	0	3
54	298	0	0.457038165	-8.77767279e-08	8.92278044e-07	-1.27174041e-07	4.93201077e-05	4.84278296e-05	0	0	0	0	0	3
55	303	0	0.465501834	-1.05569679e-07	8.74135358e-07	-1.27174041e-07	4.93201077e-05	4.84459723e-05	0	0	0	0	0	3
56	308	0	0.473965504	-8.47961196e-08	8.57011582e-07	-1.27174041e-07	4.93201077e-05	4.84630961e-05	0	0	0	0	0	3
57	314	0	0.482429174	-6.23989082e-08	8.40881573e-07	-1.27174041e-07	4.93201077e-05	4.84792261e-05	0	0	0	0	0	3
58	319	0	0.490892843	-8.05603186e-09	8.26244718e-07	-1.27174041e-07	4.93201077e-05	4.8493863e-05	0	0	0	0	0	3
59	324	0	0.499356513	-5.77141204e-09	8.12142749e-07	-1.27174041e-07	4.93201077e-05	4.85079649e-05	0	0	0	0	0	3
60	329	0	0.507820183	2.47252801e-08	7.99019125e-07	-1.27174041e-07	4.93201077e-05	4.85210886e-05	0	0	0	0	0	3
61	334	0	0.516283853	5.51123687e-09	-2.28908158e-08	-1.27174041e-07	2.40034171e-06	2.52751576e-06	0	0	0	0	0	3
62	339	0	0.524747522	1.01089787e-09	-6.28796627e-08	-1.27174041e-07	2.47252801e-08	1.51899321e-07	0	0	0	0	0	3
63	344	0	0.533211192	-1.63148255e-08	-6.10825285e-08	-1.27174041e-07	2.47252801e-08	1.51899321e-07	0	0	0	0	0	3
64	349	0	0.541674862	-3.38680611e-08	-6.01043349e-08	-1.27174041e-07	2.47252801e-08	1.51899321e-07	0	0	0	0	0	3
65	354	0	0.550138531	-3.69009717e-08	-5.95088934e-08	-1.27174041e-07	2.47252801e-08	1.51899321e-07	0	0	0	0	0	3
66	359	0	0.558602201	-2.36327254e-08	-5.9311306e-08	-1.27174041e-07	2.47252801e-08	1.51899321e-07	0	0	0	0	0	3
67	364	0	0.567065871	-2.31156693e-09	-5.82316993e-08	-1.27174041e-07	2.47252801e-08	1.51899321e-07	0	0	0	0	0	3
68	369	0	0.575529541	2.45728025e-08	-5.7083711e-08	-1.27174041e-07	2.47252801e-08	1.51899321e-07	0	0	0	0	0	3
69	374	0	0.58399321	6.2439536e-08	-5.45319052e-08	-1.27174041e-07	6.2439536e-08	1.89613577e-07	0	0	0	0	0	3
70	379	0	0.59245688	8.65836784e-08	-5.13827762e-08	-1.27174041e-07	8.65836784e-08	2.1375772e-07	0	0	0	0	0	3
71	384	0	0.60092055	8.4954308e-08	-4.88222447e-08	-1.27174041e-07	8.65836784e-08	2.1375772e-07	0	0	0	0	0	3
72	388	0	0.609384219	9.59421025e-08	-4.60935938e-08	-1.27174041e-07	9.59421025e-08	2.23116144e-07	0	0	0	0	0	3
73	393	0	0.617847889	9.36880227e-08	-4.41240909e-08	-1.27174041e-07	9.59421025e-08	2.23116144e-07	0	0	0	0	0	3
74	398	0	0.626311559	1.44750767e-07	-4.10597879e-08	-1.27174041e-07	1.44750767e-07	2.71924808e-07	0	0	0	0	0	3
75	403	0	0.634775229	1.04795981e-07	-3.88116605e-08	-1.27174041e-07	1.44750767e-07	2.71924808e-07	0	0	0	0	0	3
76	407	0	0.643238898	1.21236326e-07	-3.64481791e-08	-1.27174041e-07	1.44750767e-07	2.71924808e-07	0	0	0	0	0	3
77	412	0	0.651702568	9.81834456e-09	-3.58031249e-08	-1.27174041e-07	1.44750767e-07	2.71924808e-07	0	0	0	0	0	3
78	416	0	0.660166238	-5.26537196e-09	-3.5025846e-08	-1.27174041e-07	1.44750767e-07	2.71924808e-07	0	0	0	0	0	3
79	421	0	0.668629907	-4.1475787e-09	-3.44300981e-08	-1.27174041e-07	1.44750767e-07	2.71924808e-07	0	0	0	0	0	3
80	425	0	0.677093577	-1.37588417e-08	-3.39740883e-08	-1.27174041e-07	1.44750767e-07	2.71924808e-07	0	0	0	0	0	3
81	430	0	0.685557247	-2.51432301e-08	-3.31593166e-08	-1.27174041e-07	1.44750767e-07	2.71924808e-07	0	0	0	0	0	3
82	435	0	0.694020917	4.74268973e-08	-3.18205597e-08	-1.27174041e-07	1.44750767e-07	2.71924808e-07	0	0	0	0	0	3
83	440	0	0.702484586	7.62819875e-08	-3.00993402e-08	-1.27174041e-07	1.44750767e-07	2.71924808e-07	0	0	0	0	0	3
84	444	0	0.710948256	8.75269662e-08	-2.8138742e-08	-1.27174041e-07	1.44750767e-07	2.71924808e-07	0	0	0	0	0	3
85	449	0	0.719411926	4.76664145e-08	-2.67612001e-08	-1.27174041e-07	1.44750767e-07	2.71924808e-07	0	0	0	0	0	3
86	453	0	0.727875595	1.78137589e-07	-2.30087731e-08	-1.27174041e-07	1.78137589e-07	3.05311631e-07	0	0	0	0	0	3
87	458	0	0.736339265	1.14176215e-07	-1.98085347e-08	-1.27174041e-07	1.78137589e-07	3.05311631e-07	0	0	0	0	0	3
88	462	0	0.744802935	1.40493165e-07	-1.67087107e-08	-1.27174041e-07	1.78137589e-07	3.05311631e-07	0	0	0	0	0	3
89	466	0	0.753266605	7.91972391e-08	-1.4414856e-08	-1.27174041e-07	1.78137589e-07	3.05311631e-07	0	0	0	0	0	3
90	471	0	0.761730274	1.33162929e-07	-1.12451558e-08	-1.27174041e-07	1.78137589e-07	3.05311631e-07	0	0	0	0	0	3
91	475	0	0.770193944	7.51644079e-08	-8.90148281e-09	-1.27174041e-07	1.78137589e-07	3.05311631e-07	0	0	0	0	0	3
92	480	0	0.778657614	6.12581674e-08	-6.67237503e-09	-1.27174041e-07	1.78137589e-07	3.05311631e-07	0	0	0	0	0	3
93	484	0	0.787121283	4.54948367e-08	-4.84237802e-09	-1.27174041e-07	1.78137589e-07	3.05311631e-07	0	0	0	0	0	3
94	488	0	0.795584953	8.76608185e-10	-3.8864386e-09	-1.27174041e-07	1.78137589e-07	3.05311631e-07	0	0	0	0	0	3
95	493	0	0.804048623	-4.25673684e-09	-2.82051642e-09	-1.27174041e-07	1.78137589e-07	3.05311631e-07	0	0	0	0	0	3
96	497	0	0.812512293	3.19901809e-08	-1.03556674e-09	-1.27174041e-07	1.78137589e-07	3.05311631e-07	0	0	0	0	0	3
97	502	0	0.820975962	2.95784522e-08	1.57697482e-09	-1.2058713e-07	1.78137589e-07	2.98724719e-07	0	0	0	0	0	3
98	506	0	0.829439632	-1.89492774e-08	2.79026185e-09	-1.2058713e-07	1.78137589e-07	2.98724719e-07	0	0	0	0	0	3
99	511	0	0.837903302	-7.04583392e-08	3.13138298e-09	-1.2058713e-07	1.78137589e-07	2.98724719e-07	0	0	0	0	0	3
100	515	0	0.846366971	-3.24461319e-08	4.03812715e-09	-1.2058713e-07	1.78137589e-07	2.98724719e-07	0	0	0	0	0	3
101	522	0	0.854830641	1.25279083e-08	5.40280338e-09	-1.2058713e-07	1.78137589e-07	2.98724719e-07	0	0	0	0	0	3
102	526	0	0.863294311	8.95316881e-08	8.90478368e-09	-1.05569679e-07	1.78137589e-07	2.83707268e-07	0	0	0	0	0	3
103	530	0	0.871757981	-8.80381889e-09	1.04964798e-08	-1.05569679e-07	1.78137589e-07	2.83707268e-07	0	0	0	0	0	3
104	535	0	0.88022165	-9.70021843e-08	1.03801341e-08	-1.05569679e-07	1.78137589e-07	2.83707268e-07	0	0	0	0	0	3
105	539	0	0.88868532	-3.4729816e-08	1.10873706e-08	-1.05569679e-07	1.78137589e-07	2.83707268e-07	0	0	0	0	0	3
106	543	0	0.89714899	-5.27674145e-08	1.16163293e-08	-1.05569679e-07	1.78137589e-07	2.83707268e-07	0	0	0	0	0	3
107	548	0	0.90561266	5.5654533e-09	1.30451365e-08	-1.05569679e-07	1.78137589e-07	2.83707268e-07	0	0	0	0	0	3
108	552	0	0.914076329	-1.22158351e-09	1.42681691e-08	-1.05569679e-07	1.78137589e-07	2.83707268e-07	0	0	0	0	0	3
109	556	0	0.922539999	-3.93755622e-08	1.47689088e-08	-1.05569679e-07	1.78137589e-07	2.83707268e-07	0	0	0	0	0	3
110	561	0	0.931003669	-1.77953045e-08	1.59286353e-08	-1.05569679e-07	1.78137589e-07	2.83707268e-07	0	0	0	0	0	3
111	565	0	0.939467338	1.03596381e-08	1.74957698e-08	-1.05569679e-07	1.78137589e-07	2.83707268e-07	0	0	0	0	0	3
112	570	0	0.947931008	7.21201136e-08	2.02848798e-08	-1.05569679e-07	1.78137589e-07	2.83707268e-07	0	0	0	0	0	3
113	574	0	0.956394678	2.75409654e-08	2.22098148e-08	-1.05569679e-07	1.78137589e-07	2.83707268e-07	0	0	0	0	0	3
114	579	0	0.964858348	-4.75819726e-09	2.35934569e-08	-1.05569679e-07	1.78137589e-07	2.83707268e-07	0	0	0	0	0	3
115	583	0	0.973322017	7.34292538e-09	2.54753337e-08	-9.70021843e-08	1.78137589e-07	2.75139774e-07	0	0	0	0	0	3
116	588	0	0.981785687	3.25510989e-08	2.74311207e-08	-9.70021843e-08	1.78137589e-07	2.75139774e-07	0	0	0	0	0	3
117	592	0	0.990249357	5.17024118e-08	2.93328093e-08	-9.70021843e-08	1.78137589e-07	2.75139774e-07	0	0	0	0	0	3
118	596	0	0.998713026	-2.60154038e-08	2.90334865e-08	-9.70021843e-08	1.78137589e-07	2.75139774e-07	0	0	0	0	0	3
119	600	0	1.0071767	-7.3723953e-08	2.79009441e-08	-9.70021843e-08	1.78137589e-07	2.75139774e-07	0.000911052827	0	0	0	0	3
120	605	0	1.01564037	-7.34693642e-08	2.62643667e-08	-9.70021843e-08	1.78137589e-07	9.2212472e-08	0.000912884368	0	0	0	0	3
121	609	0	1.02410404	-2.09922228e-08	2.58226424e-08	-9.70021843e-08	1.78137589e-07	9.2212472e-08	0.000907742279	0	0	0	0	3
122	613	0	1.03256771	-1.6250674e-08	2.55349495e-08	-9.70021843e-08	1.78137589e-07	9.04153378e-08	0.000908021224	0	0	0	0	3
123	617	0	1.04103137	-1.82177281e-08	2.55032345e-08	-9.70021843e-08	1.78137589e-07	8.94371443e-08	0.000911738473	0	0	0	0	3
124	622	0	1.04949504	-4.104497e-08	2.53836193e-08	-9.70021843e-08	1.78137589e-07	8.88417027e-08	0.000909947151	0	0	0	0	3
125	626	0	1.05795871	-1.07947859e-07	2.41995045e-08	-1.07947859e-07	1.78137589e-07	8.86441154e-08	0.000910246592	0	0	0	0	3
126	631	0	1.06642238	-6.25623949e-08	2.35506767e-08	-1.07947859e-07	1.78137589e-07	8.75645086e-08	0.000909481661	0	0	0	0	3
127	635	0	1.07488605	-3.09018994e-08	2.30741712e-08	-1.07947859e-07	1.78137589e-07	8.64165203e-08	0.000910576427	0	0	0	0	3
128	639	0	1.08334972	-8.11447805e-08	2.13122115e-08	-1.07947859e-07	1.78137589e-07	8.38647145e-08	0.000908901678	0	0	0	0	3
129	644	0	1.09181339	-1.04238238e-07	1.85342486e-08	-1.07947859e-07	1.78137589e-07	8.07155855e-08	0.000910822925	0	0	0	0	3
130	648	0	1.10027706	-4.6783935e-08	1.6311455e-08	-1.07947859e-07	1.78137589e-07	7.8155054e-08	0.000913410049	0	0	0	0	3
131	652	0	1.10874073	7.57220211e-08	1.61575836e-08	-1.07947859e-07	1.78137589e-07	7.54264032e-08	0.000915353368	0	0	0	0	3
132	656	0	1.1172044	9.42044852e-08	1.61286233e-08	-1.07947859e-07	1.78137589e-07	7.34569002e-08	0.000908240514	0	0	0	0	3
133	660	0	1.12566807	3.73762249e-08	1.51900933e-08	-1.07947859e-07	1.78137589e-07	7.03925972e-08	0.000907452931	0	0	0	0	3
134	665	0	1.13413174	-7.10026927e-08	1.15942023e-08	-1.07947859e-07	1.78137589e-07	6.81444698e-08	0.000909436544	0	0	0	0	3
135	669	0	1.14259541	-6.83680439e-08	8.70813523e-09	-1.07947859e-07	1.78137589e-07	6.57809884e-08	0.000909302806	0	0	0	0	3
136	673	0	1.15105908	-1.75731623e-08	6.39464376e-09	-1.07947859e-07	1.78137589e-07	6.51359342e-08	0.000912504711	0	0	0	0	3
137	677	0	1.15952275	1.26871586e-07	8.34553112e-09	-1.07947859e-07	1.78137589e-07	6.43586553e-08	0.000912114273	0	0	0	0	3
138	681	0	1.16798642	8.34774304e-08	9.82457783e-09	-1.07947859e-07	1.78137589e-07	6.37629074e-08	0.000910128767	0	0	0	0	3
139	686	0	1.17645009	-4.43721285e-08	9.15416866e-09	-1.07947859e-07	1.78137589e-07	6.33068977e-08	0.000911577526	0	0	0	0	3
140	690	0	1.18491376	-7.26538424e-08	8.17258532e-09	-1.07947859e-07	1.78137589e-07	6.24921259e-08	0.000914475449	0	0	0	0	3
141	695	0	1.19337743	-1.26404313e-07	6.48490061e-09	-1.26404313e-07	1.78137589e-07	6.1153369e-08	0.000907948813	0	0	0	0	3
142	699	0	1.2018411	-4.97029261e-08	4.86607022e-09	-1.26404313e-07	1.78137589e-07	5.94321495e-08	0.000904890452	0	0	0	0	3
143	703	0	1.21030477	-2.49798574e-08	3.1783728e-09	-1.26404313e-07	1.78137589e-07	5.74715513e-08	0.000904665244	0	0	0	0	3
144	707	0	1.21876844	-6.17923827e-08	6.89716989e-10	-1.26404313e-07	1.78137589e-07	5.60940094e-08	0.000906815059	0	0	0	0	3
145	711	0	1.22723211	-6.40862469e-08	-1.17282737e-09	-1.26404313e-07	1.78137589e-07	5.23415825e-08	0.000908800624	0	0	0	0	3
146	716	0	1.23569578	-9.59147074e-09	-4.30164503e-09	-1.26404313e-07	1.40493165e-07	4.91413441e-08	0.000913905033	0	0	0	0	3
147	720	0	1.24415945	4.20160969e-08	-5.50431367e-09	-1.26404313e-07	1.40493165e-07	4.604152e-08	0.000907687153	0	0	0	0	3
148	724	0	1.25262312	6.10580154e-08	-6.82823284e-09	-1.26404313e-07	1.33162929e-07	4.37476653e-08	0.000911296319	0	0	0	0	3
149	728	0	1.26108679	-1.94246016e-08	-8.47193018e-09	-1.26404313e-07	1.33162929e-07	4.05779652e-08	0.000912011775	0	0	0	0	3
150	732	0	1.26955046	-2.90627029e-08	-1.11756907e-08	-1.26404313e-07	1.26871586e-07	4.05085e-08	0.000912046821	0	0	0	0	3
151	737	0	1.27801413	-4.06779464e-08	-1.31063966e-08	-1.26404313e-07	1.26871586e-07	4.2439206e-08	0.000910508679	0	0	0	0	3
152	741	0	1.2864778	-8.64593411e-09	-1.4271465e-08	-1.26404313e-07	1.26871586e-07	4.36042743e-08	0.000911001481	0	0	0	0	3
153	745	0	1.29494147	-5.34756163e-08	-1.59209725e-08	-1.26404313e-07	1.26871586e-07	4.52537819e-08	0.000908115976	0	0	0	0	3
154	749	0	1.30340514	-1.56125759e-08	-1.61957923e-08	-1.26404313e-07	1.26871586e-07	4.55286016e-08	0.000907635211	0	0	0	0	3
