Iteration	CPUTime	PhysTime	Travels	Value	AvValue	MinValue	MaxValue	Delta	Criteria	PrevAvRefValue	Progress	CriteriaType	CriteriaVarType	CriteriaPercentage
1	26	0	0.00846366971	31.2642512	31.2642512	31.2642512	31.2642512	0	0	0	0	0	0	3
2	32	0	0.0169273394	31.0763961	31.1703237	31.0763961	31.2642512	0.0939275541	0	0	0	0	0	3
3	38	0	0.0253910091	31.1823951	31.1743475	31.0763961	31.2642512	0.0939275541	0	0	0	0	0	3
4	44	0	0.0338546789	31.2293663	31.1881022	31.0763961	31.2642512	0.0939275541	0	0	0	0	0	3
5	49	0	0.0423183486	31.2454259	31.1995669	31.0763961	31.2642512	0.0939275541	0	0	0	0	0	3
6	54	0	0.0507820183	31.2523021	31.2083561	31.0763961	31.2642512	0.0939275541	0	0	0	0	0	3
7	59	0	0.059245688	31.2576243	31.2153944	31.0763961	31.2642512	0.0939275541	0	0	0	0	0	3
8	64	0	0.0677093577	31.2597227	31.2209355	31.0763961	31.2642512	0.0939275541	0	0	0	0	0	3
9	68	0	0.0761730274	31.2997207	31.2296894	31.0763961	31.2997207	0.0939275541	0	0	0	0	0	3
10	73	0	0.0846366971	31.3610471	31.2428252	31.0763961	31.3610471	0.0939275541	0	0	0	0	0	3
11	78	0	0.0931003669	31.9916849	31.3109033	31.0763961	31.9916849	0.14057963	0	0	0	0	0	3
12	83	0	0.101564037	32.8361197	31.4380047	31.0763961	32.8361197	0.267680996	0	0	0	0	0	3
13	88	0	0.110027706	33.6476896	31.6079804	31.0763961	33.6476896	0.437656761	0	0	0	0	0	3
14	93	0	0.118491376	34.3856286	31.8063839	31.0763961	34.3856286	0.636060199	0	0	0	0	0	3
15	97	0	0.126955046	35.0834003	32.0248516	31.0763961	35.0834003	0.854527961	0	0	0	0	0	3
16	102	0	0.135418715	35.8625982	32.2647108	31.0763961	35.8625982	1.09438712	0	0	0	0	0	3
17	107	0	0.143882385	36.5318476	32.5157188	31.0763961	36.5318476	1.34539516	0	0	0	0	0	3
18	111	0	0.152346055	37.0455624	32.7673768	31.0763961	37.0455624	1.59705314	0	0	0	0	0	3
19	116	0	0.160809725	37.5593334	33.0195851	31.0763961	37.5593334	1.84926138	0	0	0	0	0	3
20	121	0	0.169273394	38.7347434	33.305343	31.0763961	38.7347434	2.1350193	0	0	0	0	0	3
21	126	0	0.177737064	40.007176	33.6244779	31.0763961	40.007176	2.4541542	0	0	0	0	0	3
22	130	0	0.186200734	41.1181619	33.9650999	31.0763961	41.1181619	2.7947762	0	0	0	0	0	3
23	135	0	0.194664403	42.267379	34.3260685	31.0763961	42.267379	3.15574486	0	0	0	0	0	3
24	140	0	0.203128073	43.1786598	34.6949265	31.0763961	43.1786598	3.52460283	0	0	0	0	0	3
25	144	0	0.211591743	44.0615069	35.0695897	31.0763961	44.0615069	3.89926604	0	0	0	0	0	3
26	149	0	0.220055413	45.2699942	35.461913	31.0763961	45.2699942	4.29158929	0	0	0	0	0	3
27	155	0	0.228519082	45.6371358	35.8387731	31.0763961	45.6371358	4.6684494	0	0	0	0	0	3
28	159	0	0.236982752	46.1263988	36.2061883	31.0763961	46.1263988	5.0358646	0	0	0	0	0	3
29	164	0	0.245446422	46.6230557	36.5653906	31.0763961	46.6230557	5.39506693	0	0	0	0	0	3
30	169	0	0.253910091	46.7681943	36.9054841	31.0763961	46.7681943	5.73516038	0	0	0	0	0	3
31	174	0	0.262373761	46.5288454	37.2159151	31.0763961	46.7681943	6.0455914	0	0	0	0	0	3
32	180	0	0.270837431	45.9416233	37.4885935	31.0763961	46.7681943	6.31826978	0	0	0	0	0	3
33	185	0	0.279301101	44.9318412	37.7141464	31.0763961	46.7681943	6.54382274	0	0	0	0	0	3
34	190	0	0.28776477	43.3986814	37.8813386	31.0763961	46.7681943	6.71101494	0	0	0	0	0	3
35	195	0	0.29622844	41.9729693	37.9982424	31.0763961	46.7681943	6.82791868	0	0	0	0	0	3
36	201	0	0.30469211	39.5684449	38.0418591	31.0763961	46.7681943	6.87153542	0	0	0	0	0	3
37	206	0	0.313155779	37.1419815	38.0175381	31.0763961	46.7681943	6.87153542	0	0	0	0	0	3
38	212	0	0.321619449	38.5165658	38.0306704	31.0763961	46.7681943	6.87153542	0	0	0	0	0	3
39	217	0	0.330083119	39.9593747	38.0801243	31.0763961	46.7681943	6.90980067	0	0	0	0	0	3
40	222	0	0.338546789	40.7226032	38.1461863	31.0763961	46.7681943	6.97586264	0	0	0	0	0	3
41	227	0	0.347010458	40.3604522	38.2001928	31.0763961	46.7681943	7.02986912	0	0	0	0	0	3
42	232	0	0.355474128	39.5167719	38.2315399	31.0763961	46.7681943	7.06121624	0	0	0	0	0	3
43	238	0	0.363937798	39.622108	38.2638787	31.0763961	46.7681943	7.09355503	0	0	0	0	0	3
44	243	0	0.372401467	39.779514	38.298325	31.0763961	46.7681943	7.12800129	0	0	0	0	0	3
45	249	0	0.380865137	40.8219862	38.3544063	31.0763961	46.7681943	7.18408265	0	0	0	0	0	3
46	254	0	0.389328807	42.2752732	38.4396426	31.0763961	46.7681943	7.26931889	0	0	0	0	0	3
47	260	0	0.397792477	43.4560112	38.5463738	31.0763961	46.7681943	7.37605014	0	0	0	0	0	3
48	265	0	0.406256146	44.2045393	38.6642523	31.0763961	46.7681943	7.49392858	0	0	0	0	0	3
49	271	0	0.414719816	44.6100298	38.7855947	31.0763961	46.7681943	7.61527098	0	0	0	0	0	3
50	276	0	0.423183486	44.818176	38.9062463	31.0763961	46.7681943	7.73592261	0	0	0	0	0	3
51	281	0	0.431647155	44.9852216	39.0254419	31.0763961	46.7681943	7.8551182	0	0	0	0	0	3
52	286	0	0.440110825	45.4886612	39.1497346	31.0763961	46.7681943	7.97941088	0	0	0	0	0	3
53	292	0	0.448574495	45.8318353	39.2758119	31.0763961	46.7681943	8.10548826	0	0	0	0	0	3
54	298	0	0.457038165	46.0566642	39.4013833	31.0763961	46.7681943	8.23105959	0	0	0	0	0	3
55	303	0	0.465501834	46.2415954	39.5257508	31.0763961	46.7681943	8.35542709	0	0	0	0	0	3
56	308	0	0.473965504	46.4237045	39.6489285	31.0763961	46.7681943	8.47860483	0	0	0	0	0	3
57	314	0	0.482429174	46.6242993	39.7713034	31.0763961	46.7681943	8.60097976	0	0	0	0	0	3
58	319	0	0.490892843	46.9084645	39.8943579	31.0763961	46.9084645	8.72403426	0	0	0	0	0	3
59	324	0	0.499356513	47.1917495	40.0180425	31.0763961	47.1917495	8.84771886	0	0	0	0	0	3
60	329	0	0.507820183	47.380978	40.1407581	31.0763961	47.380978	8.97043445	0	0	0	0	0	3
61	334	0	0.516283853	47.6020235	40.4130543	31.0763961	47.6020235	9.24273066	0	0	0	0	0	3
62	339	0	0.524747522	47.7856168	40.6915413	31.1823951	47.7856168	9.51719386	0	0	0	0	0	3
63	344	0	0.533211192	47.9062538	40.9702723	31.2293663	47.9062538	9.78217014	0	0	0	0	0	3
64	349	0	0.541674862	47.9600963	41.2491178	31.2454259	47.9600963	10.0495509	0	0	0	0	0	3
65	354	0	0.550138531	47.97271	41.5279059	31.2523021	47.97271	10.3195498	0	0	0	0	0	3
66	359	0	0.558602201	47.9466917	41.8061457	31.2576243	47.97271	10.5907513	0	0	0	0	0	3
67	364	0	0.567065871	47.9848301	42.0849325	31.2597227	47.9848301	10.863997	0	0	0	0	0	3
68	369	0	0.575529541	48.1056338	42.3656977	31.2997207	48.1056338	11.1360083	0	0	0	0	0	3
69	374	0	0.58399321	48.1838344	42.6470996	31.3610471	48.1838344	11.4042744	0	0	0	0	0	3
70	379	0	0.59245688	48.3056713	42.92951	31.9916849	48.3056713	11.6186067	0	0	0	0	0	3
71	384	0	0.60092055	48.3724626	43.2025229	32.8361197	48.3724626	11.7645183	0	0	0	0	0	3
72	388	0	0.609384219	48.4758383	43.4631849	33.6476896	48.4758383	11.8552045	0	0	0	0	0	3
73	393	0	0.617847889	48.5326261	43.7112672	34.3856286	48.5326261	11.9048833	0	0	0	0	0	3
74	398	0	0.626311559	48.6279067	43.9486385	35.0834003	48.6279067	11.9237868	0	0	0	0	0	3
75	403	0	0.634775229	48.6803204	44.1752538	35.8625982	48.6803204	11.910543	0	0	0	0	0	3
76	407	0	0.643238898	48.7591715	44.3901967	36.5318476	48.7591715	11.8744779	0	0	0	0	0	3
77	412	0	0.651702568	48.8065025	44.5947743	37.0455624	48.8065025	11.7609401	0	0	0	0	0	3
78	416	0	0.660166238	48.8858664	44.7921127	37.1419815	48.8858664	11.743885	0	0	0	0	0	3
79	421	0	0.668629907	48.9350004	44.9817071	37.1419815	48.9350004	11.6763642	0	0	0	0	0	3
80	425	0	0.677093577	49.0063923	45.1529013	37.1419815	49.0063923	11.5284234	0	0	0	0	0	3
81	430	0	0.685557247	49.0385347	45.3034239	37.1419815	49.0385347	11.338324	0	0	0	0	0	3
82	435	0	0.694020917	49.1073347	45.4365768	37.1419815	49.1073347	11.1105083	0	0	0	0	0	3
83	440	0	0.702484586	49.1381508	45.5510897	37.1419815	49.1381508	10.8561632	0	0	0	0	0	3
84	444	0	0.710948256	49.1966601	45.6513897	37.1419815	49.1966601	10.5818	0	0	0	0	0	3
85	449	0	0.719411926	49.2213062	45.7373863	37.1419815	49.2213062	10.2754734	0	0	0	0	0	3
86	453	0	0.727875595	49.2753205	45.8041418	37.1419815	49.2753205	9.9653687	0	0	0	0	0	3
87	458	0	0.736339265	49.2905918	45.8650327	37.1419815	49.2905918	9.65884442	0	0	0	0	0	3
88	462	0	0.744802935	49.3351178	45.9185114	37.1419815	49.3351178	9.35312075	0	0	0	0	0	3
89	466	0	0.753266605	49.3438027	45.9638571	37.1419815	49.3438027	9.05837308	0	0	0	0	0	3
90	471	0	0.761730274	49.3857365	46.0074828	37.1419815	49.3857365	8.79156777	0	0	0	0	0	3
91	475	0	0.770193944	49.3942206	46.0552391	37.1419815	49.3942206	8.56664564	0	0	0	0	0	3
92	480	0	0.778657614	49.4299063	46.1133771	37.1419815	49.4299063	8.39923073	0	0	0	0	0	3
93	484	0	0.787121283	49.434594	46.188423	37.1419815	49.434594	8.3070844	0	0	0	0	0	3
94	488	0	0.795584953	49.4715658	46.2896378	37.1419815	49.4715658	8.29139541	0	0	0	0	0	3
95	493	0	0.804048623	49.4716069	46.4146151	37.1419815	49.4716069	8.39707698	0	0	0	0	0	3
96	497	0	0.812512293	49.5038129	46.5802045	37.1419815	49.5038129	8.56266645	0	0	0	0	0	3
97	502	0	0.820975962	49.4995683	46.7861643	38.5165658	49.5038129	8.75549392	0	0	0	0	0	3
98	506	0	0.829439632	49.5302822	46.9697262	39.5167719	49.5302822	8.8896019	0	0	0	0	0	3
99	511	0	0.837903302	49.5257821	47.1291664	39.5167719	49.5302822	8.98298005	0	0	0	0	0	3
100	515	0	0.846366971	49.552648	47.2763338	39.5167719	49.552648	9.07614098	0	0	0	0	0	3
101	522	0	0.854830641	49.545521	47.4294183	39.5167719	49.552648	9.19787834	0	0	0	0	0	3
102	526	0	0.863294311	49.5751632	47.5970581	39.622108	49.5751632	9.3331794	0	0	0	0	0	3
103	530	0	0.871757981	49.5665739	47.7627992	39.779514	49.5751632	9.46447425	0	0	0	0	0	3
104	535	0	0.88022165	49.5892011	47.926294	40.8219862	49.5892011	8.76721484	0	0	0	0	0	3
105	539	0	0.88868532	49.5816966	48.0722892	42.2752732	49.5892011	7.31392789	0	0	0	0	0	3
106	543	0	0.89714899	49.60593	48.1944668	43.4560112	49.60593	6.14991874	0	0	0	0	0	3
107	548	0	0.90561266	49.5970302	48.2968171	44.2045393	49.60593	5.40139064	0	0	0	0	0	3
108	552	0	0.914076329	49.6210904	48.387093	44.6100298	49.6210904	5.01106062	0	0	0	0	0	3
109	556	0	0.922539999	49.6122662	48.4704636	44.818176	49.6210904	4.80291446	0	0	0	0	0	3
110	561	0	0.931003669	49.6370847	48.5507787	44.9852216	49.6370847	4.65186317	0	0	0	0	0	3
111	565	0	0.939467338	49.6285781	48.628168	45.4886612	49.6370847	4.14842351	0	0	0	0	0	3
112	570	0	0.947931008	49.6479716	48.6974898	45.8318353	49.6479716	3.81613621	0	0	0	0	0	3
113	574	0	0.956394678	49.6354128	48.7608828	46.0566642	49.6479716	3.59130738	0	0	0	0	0	3
114	579	0	0.964858348	49.6527513	48.8208176	46.2415954	49.6527513	3.41115589	0	0	0	0	0	3
115	583	0	0.973322017	49.6405906	48.8774675	46.4237045	49.6527513	3.22904686	0	0	0	0	0	3
116	588	0	0.981785687	49.6638131	48.9314693	46.6242993	49.6638131	3.03951385	0	0	0	0	0	3
117	592	0	0.990249357	49.6506302	48.9819081	46.9084645	49.6638131	2.75534859	0	0	0	0	0	3
118	596	0	0.998713026	49.6696805	49.0279284	47.1917495	49.6696805	2.47793103	0	0	0	0	0	3
119	600	0	1.0071767	49.6552708	49.0689871	47.380978	49.6696805	2.28870247	0.554618562	0	24.2	0	0	3
120	605	0	1.01564037	49.6742873	49.1072089	47.6020235	49.6742873	2.07226381	0.554756765	0	26.7	0	0	3
121	609	0	1.02410404	49.6577614	49.1414712	47.7856168	49.6742873	1.88867047	0.554756765	0	29.3	0	0	3
122	613	0	1.03256771	49.677814	49.1730078	47.9062538	49.677814	1.77156024	0.554618562	0	31.3	0	0	3
123	617	0	1.04103137	49.662945	49.202286	47.9466917	49.677814	1.73112233	0.554618562	0	32	0	0	3
124	622	0	1.04949504	49.6842996	49.2310227	47.9466917	49.6842996	1.73760796	0.554618562	0	31.9	0	0	3
125	626	0	1.05795871	49.6659904	49.2592441	47.9466917	49.6842996	1.73760796	0.554618562	0	31.9	0	0	3
126	631	0	1.06642238	49.6811774	49.2881522	47.9848301	49.6842996	1.69946955	0.554618562	0	32.6	0	0	3
127	635	0	1.07488605	49.6631301	49.3161239	48.1056338	49.6842996	1.57866583	0.554618562	0	35.1	0	0	3
128	639	0	1.08334972	49.6770984	49.3423149	48.1838344	49.6842996	1.50046527	0.554618562	0	36.9	0	0	3
129	644	0	1.09181339	49.663017	49.366968	48.3056713	49.6842996	1.37862837	0.554618562	0	40.2	0	0	3
130	648	0	1.10027706	49.6777524	49.389836	48.3724626	49.6842996	1.31183708	0.554618562	0	42.2	0	0	3
131	652	0	1.10874073	49.6642036	49.411365	48.4758383	49.6842996	1.20846133	0.554618562	0	45.8	0	0	3
132	656	0	1.1172044	49.684336	49.4315066	48.5326261	49.684336	1.15170987	0.554618562	0	48.1	0	0	3
133	660	0	1.12566807	49.6697022	49.4504579	48.6279067	49.684336	1.05642929	0.554618562	0	52.4	0	0	3
134	665	0	1.13413174	49.6865769	49.4681024	48.6803204	49.6865769	1.00625652	0.554618562	0	55.1	0	0	3
135	669	0	1.14259541	49.6693836	49.4845868	48.7591715	49.6865769	0.92740538	0.554618562	0	59.8	0	0	3
136	673	0	1.15105908	49.6873724	49.5000568	48.8065025	49.6873724	0.880869933	0.554618562	0	62.9	0	0	3
137	677	0	1.15952275	49.6726233	49.5144922	48.8858664	49.6873724	0.801505969	0.554618562	0	69.1	0	0	3
138	681	0	1.16798642	49.6894894	49.5278859	48.9350004	49.6894894	0.754489088	0.554618562	0	73.5	0	0	3
139	686	0	1.17645009	49.671957	49.5401685	49.0063923	49.6894894	0.68309717	0.554618562	0	81.1	0	0	3
140	690	0	1.18491376	49.6900373	49.5515626	49.0385347	49.6900373	0.651502624	0.554618562	0	85.1	0	0	3
141	695	0	1.19337743	49.6755744	49.5621799	49.1073347	49.6900373	0.582702546	0.554618562	0	95.1	0	0	3
142	699	0	1.2018411	49.692935	49.5719399	49.1381508	49.692935	0.554784189	0.554618562	0	99.9	0	0	3
143	703	0	1.21030477	49.6765609	49.5809134	49.1966601	49.692935	0.496274878	0.554618562	0	100	0	0	3
144	707	0	1.21876844	49.6962284	49.5892395	49.2213062	49.6962284	0.474922166	0.554618562	0	100	0	0	3
145	711	0	1.22723211	49.6825022	49.5969261	49.2753205	49.6962284	0.420907869	0.554618562	0	100	0	0	3
146	716	0	1.23569578	49.700238	49.6040081	49.2905918	49.700238	0.409646275	0.554618562	0	100	0	0	3
147	720	0	1.24415945	49.6843549	49.6105708	49.3351178	49.700238	0.365120265	0.554618562	0	100	0	0	3
148	724	0	1.25262312	49.7036964	49.6167138	49.3438027	49.7036964	0.35989374	0.554618562	0	100	0	0	3
149	728	0	1.26108679	49.6899242	49.6224825	49.3857365	49.7036964	0.31795987	0.554618562	0	100	0	0	3
150	732	0	1.26955046	49.7068785	49.6278349	49.3942206	49.7068785	0.312657979	0.554618562	0	100	0	0	3
151	737	0	1.27801413	49.6886166	49.6327415	49.4299063	49.7068785	0.276972219	0.554618562	0	100	0	0	3
152	741	0	1.2864778	49.7058634	49.6373407	49.434594	49.7068785	0.272284565	0.554618562	0	100	0	0	3
153	745	0	1.29494147	49.6886497	49.641575	49.4715658	49.7068785	0.235312708	0.554618562	0	100	0	0	3
154	749	0	1.30340514	49.7033415	49.6454379	49.4716069	49.7068785	0.235271654	0.554618562	0	100	0	0	3
