Iteration	CPUTime	PhysTime	Travels	Value	AvValue	MinValue	MaxValue	Delta	Criteria	PrevAvRefValue	Progress	CriteriaType	CriteriaVarType	CriteriaPercentage
1	26	0	0.00846366971	0	0	0	0	0	0	0	0	0	0	3
2	32	0	0.0169273394	0	0	0	0	0	0	0	0	0	0	3
3	38	0	0.0253910091	0	0	0	0	0	0	0	0	0	0	3
4	44	0	0.0338546789	0	0	0	0	0	0	0	0	0	0	3
5	49	0	0.0423183486	0	0	0	0	0	0	0	0	0	0	3
6	54	0	0.0507820183	0	0	0	0	0	0	0	0	0	0	3
7	59	0	0.059245688	0	0	0	0	0	0	0	0	0	0	3
8	64	0	0.0677093577	0	0	0	0	0	0	0	0	0	0	3
9	68	0	0.0761730274	0	0	0	0	0	0	0	0	0	0	3
10	73	0	0.0846366971	0	0	0	0	0	0	0	0	0	0	3
11	78	0	0.0931003669	0	0	0	0	0	0	0	0	0	0	3
12	83	0	0.101564037	0	0	0	0	0	0	0	0	0	0	3
13	88	0	0.110027706	0	0	0	0	0	0	0	0	0	0	3
14	93	0	0.118491376	0	0	0	0	0	0	0	0	0	0	3
15	97	0	0.126955046	0	0	0	0	0	0	0	0	0	0	3
16	102	0	0.135418715	0	0	0	0	0	0	0	0	0	0	3
17	107	0	0.143882385	0	0	0	0	0	0	0	0	0	0	3
18	111	0	0.152346055	0	0	0	0	0	0	0	0	0	0	3
19	116	0	0.160809725	0	0	0	0	0	0	0	0	0	0	3
20	121	0	0.169273394	0	0	0	0	0	0	0	0	0	0	3
21	126	0	0.177737064	0	0	0	0	0	0	0	0	0	0	3
22	130	0	0.186200734	0	0	0	0	0	0	0	0	0	0	3
23	135	0	0.194664403	0	0	0	0	0	0	0	0	0	0	3
24	140	0	0.203128073	0	0	0	0	0	0	0	0	0	0	3
25	144	0	0.211591743	0	0	0	0	0	0	0	0	0	0	3
26	149	0	0.220055413	0	0	0	0	0	0	0	0	0	0	3
27	155	0	0.228519082	0	0	0	0	0	0	0	0	0	0	3
28	159	0	0.236982752	0	0	0	0	0	0	0	0	0	0	3
29	164	0	0.245446422	0	0	0	0	0	0	0	0	0	0	3
30	169	0	0.253910091	0	0	0	0	0	0	0	0	0	0	3
31	174	0	0.262373761	0	0	0	0	0	0	0	0	0	0	3
32	180	0	0.270837431	0	0	0	0	0	0	0	0	0	0	3
33	185	0	0.279301101	0	0	0	0	0	0	0	0	0	0	3
34	190	0	0.28776477	0	0	0	0	0	0	0	0	0	0	3
35	195	0	0.29622844	0	0	0	0	0	0	0	0	0	0	3
36	201	0	0.30469211	0	0	0	0	0	0	0	0	0	0	3
37	206	0	0.313155779	0	0	0	0	0	0	0	0	0	0	3
38	212	0	0.321619449	0	0	0	0	0	0	0	0	0	0	3
39	217	0	0.330083119	0	0	0	0	0	0	0	0	0	0	3
40	222	0	0.338546789	0	0	0	0	0	0	0	0	0	0	3
41	227	0	0.347010458	0	0	0	0	0	0	0	0	0	0	3
42	232	0	0.355474128	0	0	0	0	0	0	0	0	0	0	3
43	238	0	0.363937798	0	0	0	0	0	0	0	0	0	0	3
44	243	0	0.372401467	0	0	0	0	0	0	0	0	0	0	3
45	249	0	0.380865137	0	0	0	0	0	0	0	0	0	0	3
46	254	0	0.389328807	0	0	0	0	0	0	0	0	0	0	3
47	260	0	0.397792477	0	0	0	0	0	0	0	0	0	0	3
48	265	0	0.406256146	0	0	0	0	0	0	0	0	0	0	3
49	271	0	0.414719816	0	0	0	0	0	0	0	0	0	0	3
50	276	0	0.423183486	0	0	0	0	0	0	0	0	0	0	3
51	281	0	0.431647155	0	0	0	0	0	0	0	0	0	0	3
52	286	0	0.440110825	0	0	0	0	0	0	0	0	0	0	3
53	292	0	0.448574495	0	0	0	0	0	0	0	0	0	0	3
54	298	0	0.457038165	0	0	0	0	0	0	0	0	0	0	3
55	303	0	0.465501834	0	0	0	0	0	0	0	0	0	0	3
56	308	0	0.473965504	0	0	0	0	0	0	0	0	0	0	3
57	314	0	0.482429174	0	0	0	0	0	0	0	0	0	0	3
58	319	0	0.490892843	0	0	0	0	0	0	0	0	0	0	3
59	324	0	0.499356513	0	0	0	0	0	0	0	0	0	0	3
60	329	0	0.507820183	0	0	0	0	0	0	0	0	0	0	3
61	334	0	0.516283853	0	0	0	0	0	0	0	0	0	0	3
62	339	0	0.524747522	0	0	0	0	0	0	0	0	0	0	3
63	344	0	0.533211192	0	0	0	0	0	0	0	0	0	0	3
64	349	0	0.541674862	0	0	0	0	0	0	0	0	0	0	3
65	354	0	0.550138531	0	0	0	0	0	0	0	0	0	0	3
66	359	0	0.558602201	0	0	0	0	0	0	0	0	0	0	3
67	364	0	0.567065871	0	0	0	0	0	0	0	0	0	0	3
68	369	0	0.575529541	0	0	0	0	0	0	0	0	0	0	3
69	374	0	0.58399321	0	0	0	0	0	0	0	0	0	0	3
70	379	0	0.59245688	0	0	0	0	0	0	0	0	0	0	3
71	384	0	0.60092055	0	0	0	0	0	0	0	0	0	0	3
72	388	0	0.609384219	0	0	0	0	0	0	0	0	0	0	3
73	393	0	0.617847889	0	0	0	0	0	0	0	0	0	0	3
74	398	0	0.626311559	0	0	0	0	0	0	0	0	0	0	3
75	403	0	0.634775229	0	0	0	0	0	0	0	0	0	0	3
76	407	0	0.643238898	0	0	0	0	0	0	0	0	0	0	3
77	412	0	0.651702568	0	0	0	0	0	0	0	0	0	0	3
78	416	0	0.660166238	0	0	0	0	0	0	0	0	0	0	3
79	421	0	0.668629907	0	0	0	0	0	0	0	0	0	0	3
80	425	0	0.677093577	0	0	0	0	0	0	0	0	0	0	3
81	430	0	0.685557247	0	0	0	0	0	0	0	0	0	0	3
82	435	0	0.694020917	0	0	0	0	0	0	0	0	0	0	3
83	440	0	0.702484586	0	0	0	0	0	0	0	0	0	0	3
84	444	0	0.710948256	0	0	0	0	0	0	0	0	0	0	3
85	449	0	0.719411926	0	0	0	0	0	0	0	0	0	0	3
86	453	0	0.727875595	0	0	0	0	0	0	0	0	0	0	3
87	458	0	0.736339265	0	0	0	0	0	0	0	0	0	0	3
88	462	0	0.744802935	0	0	0	0	0	0	0	0	0	0	3
89	466	0	0.753266605	0	0	0	0	0	0	0	0	0	0	3
90	471	0	0.761730274	0	0	0	0	0	0	0	0	0	0	3
91	475	0	0.770193944	0	0	0	0	0	0	0	0	0	0	3
92	480	0	0.778657614	0	0	0	0	0	0	0	0	0	0	3
93	484	0	0.787121283	0	0	0	0	0	0	0	0	0	0	3
94	488	0	0.795584953	0	0	0	0	0	0	0	0	0	0	3
95	493	0	0.804048623	0	0	0	0	0	0	0	0	0	0	3
96	497	0	0.812512293	0	0	0	0	0	0	0	0	0	0	3
97	502	0	0.820975962	0	0	0	0	0	0	0	0	0	0	3
98	506	0	0.829439632	0	0	0	0	0	0	0	0	0	0	3
99	511	0	0.837903302	0	0	0	0	0	0	0	0	0	0	3
100	515	0	0.846366971	0	0	0	0	0	0	0	0	0	0	3
101	522	0	0.854830641	0	0	0	0	0	0	0	0	0	0	3
102	526	0	0.863294311	0	0	0	0	0	0	0	0	0	0	3
103	530	0	0.871757981	0	0	0	0	0	0	0	0	0	0	3
104	535	0	0.88022165	0	0	0	0	0	0	0	0	0	0	3
105	539	0	0.88868532	0	0	0	0	0	0	0	0	0	0	3
106	543	0	0.89714899	0	0	0	0	0	0	0	0	0	0	3
107	548	0	0.90561266	0	0	0	0	0	0	0	0	0	0	3
108	552	0	0.914076329	0	0	0	0	0	0	0	0	0	0	3
109	556	0	0.922539999	0	0	0	0	0	0	0	0	0	0	3
110	561	0	0.931003669	0	0	0	0	0	0	0	0	0	0	3
111	565	0	0.939467338	0	0	0	0	0	0	0	0	0	0	3
112	570	0	0.947931008	0	0	0	0	0	0	0	0	0	0	3
113	574	0	0.956394678	0	0	0	0	0	0	0	0	0	0	3
114	579	0	0.964858348	0	0	0	0	0	0	0	0	0	0	3
115	583	0	0.973322017	0	0	0	0	0	0	0	0	0	0	3
116	588	0	0.981785687	0	0	0	0	0	0	0	0	0	0	3
117	592	0	0.990249357	0	0	0	0	0	0	0	0	0	0	3
118	596	0	0.998713026	0	0	0	0	0	0	0	0	0	0	3
119	600	0	1.0071767	0	0	0	0	0	1e-08	0	100	0	0	3
120	605	0	1.01564037	0	0	0	0	0	1e-08	0	100	0	0	3
121	609	0	1.02410404	0	0	0	0	0	1e-08	0	100	0	0	3
122	613	0	1.03256771	0	0	0	0	0	1e-08	0	100	0	0	3
123	617	0	1.04103137	0	0	0	0	0	1e-08	0	100	0	0	3
124	622	0	1.04949504	0	0	0	0	0	1e-08	0	100	0	0	3
125	626	0	1.05795871	0	0	0	0	0	1e-08	0	100	0	0	3
126	631	0	1.06642238	0	0	0	0	0	1e-08	0	100	0	0	3
127	635	0	1.07488605	0	0	0	0	0	1e-08	0	100	0	0	3
128	639	0	1.08334972	0	0	0	0	0	1e-08	0	100	0	0	3
129	644	0	1.09181339	0	0	0	0	0	1e-08	0	100	0	0	3
130	648	0	1.10027706	0	0	0	0	0	1e-08	0	100	0	0	3
131	652	0	1.10874073	0	0	0	0	0	1e-08	0	100	0	0	3
132	656	0	1.1172044	0	0	0	0	0	1e-08	0	100	0	0	3
133	660	0	1.12566807	0	0	0	0	0	1e-08	0	100	0	0	3
134	665	0	1.13413174	0	0	0	0	0	1e-08	0	100	0	0	3
135	669	0	1.14259541	0	0	0	0	0	1e-08	0	100	0	0	3
136	673	0	1.15105908	0	0	0	0	0	1e-08	0	100	0	0	3
137	677	0	1.15952275	0	0	0	0	0	1e-08	0	100	0	0	3
138	681	0	1.16798642	0	0	0	0	0	1e-08	0	100	0	0	3
139	686	0	1.17645009	0	0	0	0	0	1e-08	0	100	0	0	3
140	690	0	1.18491376	0	0	0	0	0	1e-08	0	100	0	0	3
141	695	0	1.19337743	0	0	0	0	0	1e-08	0	100	0	0	3
142	699	0	1.2018411	0	0	0	0	0	1e-08	0	100	0	0	3
143	703	0	1.21030477	0	0	0	0	0	1e-08	0	100	0	0	3
144	707	0	1.21876844	0	0	0	0	0	1e-08	0	100	0	0	3
145	711	0	1.22723211	0	0	0	0	0	1e-08	0	100	0	0	3
146	716	0	1.23569578	0	0	0	0	0	1e-08	0	100	0	0	3
147	720	0	1.24415945	0	0	0	0	0	1e-08	0	100	0	0	3
148	724	0	1.25262312	0	0	0	0	0	1e-08	0	100	0	0	3
149	728	0	1.26108679	0	0	0	0	0	1e-08	0	100	0	0	3
150	732	0	1.26955046	0	0	0	0	0	1e-08	0	100	0	0	3
151	737	0	1.27801413	0	0	0	0	0	1e-08	0	100	0	0	3
152	741	0	1.2864778	0	0	0	0	0	1e-08	0	100	0	0	3
153	745	0	1.29494147	0	0	0	0	0	1e-08	0	100	0	0	3
154	749	0	1.30340514	0	0	0	0	0	1e-08	0	100	0	0	3
