Iteration	CPUTime	PhysTime	Travels	Value	AvValue	MinValue	MaxValue	Delta	Criteria	PrevAvRefValue	Progress	CriteriaType	CriteriaVarType	CriteriaPercentage
1	6	0	0.0137274973	106069.931	106069.931	106069.931	106069.931	0	0	0	0	0	0	3
2	7	0	0.0274549947	101790.338	103930.134	101790.338	106069.931	2139.79625	0	0	0	0	0	3
3	7	0	0.041182492	101459.218	103106.496	101459.218	106069.931	2963.43488	0	0	0	0	0	3
4	8	0	0.0549099893	101430.287	102687.444	101430.287	106069.931	3382.487	0	0	0	0	0	3
5	8	0	0.0686374867	101424.836	102434.922	101424.836	106069.931	3635.00844	0	0	0	0	0	3
6	9	0	0.082364984	101416.793	102265.234	101416.793	106069.931	3804.69654	0	0	0	0	0	3
7	9	0	0.0960924814	101409.374	102142.968	101409.374	106069.931	3926.96228	0	0	0	0	0	3
8	10	0	0.109819979	101408.421	102051.15	101408.421	106069.931	4018.78067	0	0	0	0	0	3
9	11	0	0.123547476	101403.993	101979.244	101403.993	106069.931	4090.68702	0	0	0	0	0	3
10	11	0	0.137274973	101403.809	101921.7	101403.809	106069.931	4148.23051	0	0	0	0	0	3
11	12	0	0.151002471	101401.025	101874.366	101401.025	106069.931	4195.56464	0	0	0	0	0	3
12	12	0	0.164729968	101400.574	101834.883	101400.574	106069.931	4235.04734	0	0	0	0	0	3
13	13	0	0.178457465	101399.454	101801.389	101399.454	106069.931	4268.54186	0	0	0	0	0	3
14	14	0	0.192184963	101399.139	101772.657	101399.139	106069.931	4297.27401	0	0	0	0	0	3
15	14	0	0.20591246	101398.548	101747.716	101398.548	106069.931	4322.2146	0	0	0	0	0	3
16	15	0	0.219639957	101397.892	101725.852	101397.892	106069.931	4344.07863	0	0	0	0	0	3
17	15	0	0.233367455	101397.355	101706.529	101397.355	106069.931	4363.40199	0	0	0	0	0	3
18	16	0	0.247094952	101396.89	101689.326	101396.89	106069.931	4380.60413	0	0	0	0	0	3
19	17	0	0.260822449	101396.381	101673.908	101396.381	106069.931	4396.02233	0	0	0	0	0	3
20	18	0	0.274549947	101395.824	101660.004	101395.824	106069.931	4409.92656	0	0	0	0	0	3
21	18	0	0.288277444	101394.87	101647.379	101394.87	106069.931	4422.55199	0	0	0	0	0	3
22	19	0	0.302004941	101393.979	101635.86	101393.979	106069.931	4434.07016	0	0	0	0	0	3
23	20	0	0.315732439	101393.142	101625.307	101393.142	106069.931	4444.62313	0	0	0	0	0	3
24	20	0	0.329459936	101392.413	101615.603	101392.413	106069.931	4454.32705	0	0	0	0	0	3
25	21	0	0.343187433	101391.806	101606.652	101391.806	106069.931	4463.27893	0	0	0	0	0	3
26	21	0	0.356914931	101391.162	101598.364	101391.162	106069.931	4471.567	0	0	0	0	0	3
27	22	0	0.370642428	101390.693	101590.672	101390.693	106069.931	4479.2585	0	0	0	0	0	3
28	23	0	0.384369925	101390.429	101583.52	101390.429	106069.931	4486.41004	0	0	0	0	0	3
29	23	0	0.398097423	101390.305	101576.858	101390.305	106069.931	4493.07265	0	0	0	0	0	3
30	24	0	0.41182492	101390.304	101570.639	101390.304	106069.931	4499.29111	0	0	0	0	0	3
31	25	0	0.425552417	101390.254	101564.821	101390.254	106069.931	4505.10998	0	0	0	0	0	3
32	25	0	0.439279915	101390.384	101559.369	101390.254	106069.931	4510.56113	0	0	0	0	0	3
33	26	0	0.453007412	101390.64	101554.256	101390.254	106069.931	4515.67414	0	0	0	0	0	3
34	27	0	0.466734909	101390.945	101549.453	101390.254	106069.931	4520.47742	0	0	0	0	0	3
35	27	0	0.480462407	101391.261	101544.933	101390.254	106069.931	4524.9972	0	0	0	0	0	3
36	28	0	0.494189904	101391.539	101540.672	101390.254	106069.931	4529.25815	0	0	0	0	0	3
37	29	0	0.507917401	101391.934	101536.652	101390.254	106069.931	4533.2781	0	0	0	0	0	3
38	29	0	0.521644899	101392.34	101410.231	101390.254	101790.338	400.08358	0	0	0	0	0	3
39	30	0	0.535372396	101392.687	101399.484	101390.254	101459.218	68.9639484	0	0	0	0	0	3
40	31	0	0.549099893	101392.996	101397.694	101390.254	101430.287	40.0327216	0	0	0	0	0	3
41	31	0	0.562827391	101393.217	101396.692	101390.254	101424.836	34.5819059	0	0	0	0	0	3
42	32	0	0.576554888	101393.481	101395.845	101390.254	101416.793	26.5390174	0	0	0	0	0	3
43	33	0	0.590282385	101393.747	101395.222	101390.254	101409.374	19.1193763	0	0	0	0	0	3
44	33	0	0.604009883	101394.022	101394.807	101390.254	101408.421	18.1667176	0	0	0	0	0	3
45	34	0	0.61773738	101394.279	101394.425	101390.254	101403.993	13.738245	0	0	0	0	0	3
46	35	0	0.631464877	101394.522	101394.169	101390.254	101403.809	13.5542208	0	0	0	0	0	3
47	35	0	0.645192375	101394.718	101393.923	101390.254	101401.025	10.7700719	0	0	0	0	0	3
48	36	0	0.658919872	101394.915	101393.758	101390.254	101400.574	10.3191198	0	0	0	0	0	3
49	37	0	0.672647369	101395.088	101393.61	101390.254	101399.454	9.19992827	0	0	0	0	0	3
50	37	0	0.686374867	101395.246	101393.496	101390.254	101399.139	8.88416173	0	0	0	0	0	3
51	38	0	0.700102364	101395.392	101393.395	101390.254	101398.548	8.29321828	0	0	0	0	0	3
52	39	0	0.713829861	101395.525	101393.313	101390.254	101397.892	7.6370719	0	0	0	0	0	3
53	39	0	0.727557359	101395.647	101393.252	101390.254	101397.355	7.1002885	0	0	0	0	0	3
54	40	0	0.741284856	101395.758	101393.209	101390.254	101396.89	6.63557007	0	0	0	0	0	3
55	41	0	0.755012353	101395.858	101393.181	101390.254	101396.381	6.12606976	0	0	0	0	0	3
56	41	0	0.768739851	101395.955	101393.17	101390.254	101395.955	5.70074786	0	0	0	0	0	3
57	42	0	0.782467348	101396.033	101393.175	101390.254	101396.033	5.7788395	0	0	0	0	0	3
58	42	0	0.796194845	101396.112	101393.209	101390.254	101396.112	5.85789522	0	0	0	0	0	3
59	43	0	0.809922343	101396.188	101393.269	101390.254	101396.188	5.93352274	0	0	0	0	0	3
60	44	0	0.82364984	101396.259	101393.353	101390.254	101396.259	6.0040972	0	0	0	0	0	3
61	44	0	0.837377337	101396.329	101393.459	101390.254	101396.329	6.07428901	0	0	0	0	0	3
62	45	0	0.851104835	101396.388	101393.582	101390.254	101396.388	6.13344855	0	0	0	0	0	3
63	46	0	0.864832332	101396.437	101393.725	101390.254	101396.437	6.18305225	0	0	0	0	0	3
64	46	0	0.878559829	101396.489	101393.882	101390.254	101396.489	6.23504619	0	0	0	0	0	3
65	47	0	0.892287327	101396.533	101394.047	101390.254	101396.533	6.27872212	0	0	0	0	0	3
66	48	0	0.906014824	101396.589	101394.217	101390.254	101396.589	6.33451349	0	0	0	0	0	3
67	48	0	0.919742322	101396.624	101394.387	101390.254	101396.624	6.36970933	0	0	0	0	0	3
68	49	0	0.933469819	101396.669	101394.561	101390.384	101396.669	6.28498503	0	0	0	0	0	3
69	50	0	0.947197316	101396.705	101394.732	101390.64	101396.705	6.06546119	0	0	0	0	0	3
70	50	0	0.960924814	101396.744	101394.897	101390.945	101396.744	5.79944272	0	0	0	0	0	3
71	51	0	0.974652311	101396.776	101395.054	101391.261	101396.776	5.51506127	0	0	0	0	0	3
72	51	0	0.988379808	101396.805	101395.204	101391.539	101396.805	5.26627278	0	0	0	0	0	3
73	52	0	1.00210731	101396.829	101395.347	101391.934	101396.829	4.8952353	2.06891845	0	42.2	0	0	3
74	53	0	1.0158348	101396.864	101395.48	101392.34	101396.864	4.52364699	2.06891845	0	45.7	0	0	3
75	53	0	1.0295623	101396.888	101395.603	101392.687	101396.888	4.20090314	2.06891845	0	49.2	0	0	3
76	54	0	1.0432898	101396.92	101395.718	101392.996	101396.92	3.92355708	2.06891845	0	52.7	0	0	3
77	54	0	1.05701729	101396.927	101395.824	101393.217	101396.927	3.52240259	2.06891845	0	58.7	0	0	3
78	55	0	1.07074479	101396.941	101395.924	101393.481	101396.941	2.75478221	2.06891845	0	75.1	0	0	3
79	56	0	1.08447229	101396.956	101396.018	101393.747	101396.956	2.84868337	2.06891845	0	72.6	0	0	3
80	56	0	1.09819979	101396.98	101396.106	101394.022	101396.98	2.93605884	2.06891845	0	70.4	0	0	3
81	57	0	1.11192728	101396.999	101396.186	101394.279	101396.999	2.72060887	2.06891845	0	76	0	0	3
82	57	0	1.12565478	101397.03	101396.261	101394.522	101397.03	2.50784904	2.06891845	0	82.4	0	0	3
83	58	0	1.13938228	101397.034	101396.328	101394.718	101397.034	2.31572055	2.06891845	0	89.3	0	0	3
84	59	0	1.15310978	101397.05	101396.391	101394.915	101397.05	2.13545525	2.06891845	0	96.8	0	0	3
85	59	0	1.16683727	101397.055	101396.449	101395.088	101397.055	1.96720331	2.06891845	0	100	0	0	3
