Iteration	CPUTime	PhysTime	Travels	Value	AvValue	MinValue	MaxValue	Delta	Criteria	PrevAvRefValue	Progress	CriteriaType	CriteriaVarType	CriteriaPercentage
1	6	0	0.0137274973	0	0	0	0	0	0	0	0	0	0	3
2	7	0	0.0274549947	0	0	0	0	0	0	0	0	0	0	3
3	7	0	0.041182492	0	0	0	0	0	0	0	0	0	0	3
4	8	0	0.0549099893	0	0	0	0	0	0	0	0	0	0	3
5	8	0	0.0686374867	0	0	0	0	0	0	0	0	0	0	3
6	9	0	0.082364984	0	0	0	0	0	0	0	0	0	0	3
7	9	0	0.0960924814	0	0	0	0	0	0	0	0	0	0	3
8	10	0	0.109819979	0	0	0	0	0	0	0	0	0	0	3
9	11	0	0.123547476	0	0	0	0	0	0	0	0	0	0	3
10	11	0	0.137274973	0	0	0	0	0	0	0	0	0	0	3
11	12	0	0.151002471	0	0	0	0	0	0	0	0	0	0	3
12	12	0	0.164729968	0	0	0	0	0	0	0	0	0	0	3
13	13	0	0.178457465	0	0	0	0	0	0	0	0	0	0	3
14	14	0	0.192184963	0	0	0	0	0	0	0	0	0	0	3
15	14	0	0.20591246	0	0	0	0	0	0	0	0	0	0	3
16	15	0	0.219639957	0	0	0	0	0	0	0	0	0	0	3
17	15	0	0.233367455	0	0	0	0	0	0	0	0	0	0	3
18	16	0	0.247094952	0	0	0	0	0	0	0	0	0	0	3
19	17	0	0.260822449	0	0	0	0	0	0	0	0	0	0	3
20	18	0	0.274549947	0	0	0	0	0	0	0	0	0	0	3
21	18	0	0.288277444	0	0	0	0	0	0	0	0	0	0	3
22	19	0	0.302004941	0	0	0	0	0	0	0	0	0	0	3
23	20	0	0.315732439	0	0	0	0	0	0	0	0	0	0	3
24	20	0	0.329459936	0	0	0	0	0	0	0	0	0	0	3
25	21	0	0.343187433	0	0	0	0	0	0	0	0	0	0	3
26	21	0	0.356914931	0	0	0	0	0	0	0	0	0	0	3
27	22	0	0.370642428	0	0	0	0	0	0	0	0	0	0	3
28	23	0	0.384369925	0	0	0	0	0	0	0	0	0	0	3
29	23	0	0.398097423	0	0	0	0	0	0	0	0	0	0	3
30	24	0	0.41182492	0	0	0	0	0	0	0	0	0	0	3
31	25	0	0.425552417	0	0	0	0	0	0	0	0	0	0	3
32	25	0	0.439279915	0	0	0	0	0	0	0	0	0	0	3
33	26	0	0.453007412	0	0	0	0	0	0	0	0	0	0	3
34	27	0	0.466734909	0	0	0	0	0	0	0	0	0	0	3
35	27	0	0.480462407	0	0	0	0	0	0	0	0	0	0	3
36	28	0	0.494189904	0	0	0	0	0	0	0	0	0	0	3
37	29	0	0.507917401	0	0	0	0	0	0	0	0	0	0	3
38	29	0	0.521644899	0	0	0	0	0	0	0	0	0	0	3
39	30	0	0.535372396	0	0	0	0	0	0	0	0	0	0	3
40	31	0	0.549099893	0	0	0	0	0	0	0	0	0	0	3
41	31	0	0.562827391	0	0	0	0	0	0	0	0	0	0	3
42	32	0	0.576554888	0	0	0	0	0	0	0	0	0	0	3
43	33	0	0.590282385	0	0	0	0	0	0	0	0	0	0	3
44	33	0	0.604009883	0	0	0	0	0	0	0	0	0	0	3
45	34	0	0.61773738	0	0	0	0	0	0	0	0	0	0	3
46	35	0	0.631464877	0	0	0	0	0	0	0	0	0	0	3
47	35	0	0.645192375	0	0	0	0	0	0	0	0	0	0	3
48	36	0	0.658919872	0	0	0	0	0	0	0	0	0	0	3
49	37	0	0.672647369	0	0	0	0	0	0	0	0	0	0	3
50	37	0	0.686374867	0	0	0	0	0	0	0	0	0	0	3
51	38	0	0.700102364	0	0	0	0	0	0	0	0	0	0	3
52	39	0	0.713829861	0	0	0	0	0	0	0	0	0	0	3
53	39	0	0.727557359	0	0	0	0	0	0	0	0	0	0	3
54	40	0	0.741284856	0	0	0	0	0	0	0	0	0	0	3
55	41	0	0.755012353	0	0	0	0	0	0	0	0	0	0	3
56	41	0	0.768739851	0	0	0	0	0	0	0	0	0	0	3
57	42	0	0.782467348	0	0	0	0	0	0	0	0	0	0	3
58	42	0	0.796194845	0	0	0	0	0	0	0	0	0	0	3
59	43	0	0.809922343	0	0	0	0	0	0	0	0	0	0	3
60	44	0	0.82364984	0	0	0	0	0	0	0	0	0	0	3
61	44	0	0.837377337	0	0	0	0	0	0	0	0	0	0	3
62	45	0	0.851104835	0	0	0	0	0	0	0	0	0	0	3
63	46	0	0.864832332	0	0	0	0	0	0	0	0	0	0	3
64	46	0	0.878559829	0	0	0	0	0	0	0	0	0	0	3
65	47	0	0.892287327	0	0	0	0	0	0	0	0	0	0	3
66	48	0	0.906014824	0	0	0	0	0	0	0	0	0	0	3
67	48	0	0.919742322	0	0	0	0	0	0	0	0	0	0	3
68	49	0	0.933469819	0	0	0	0	0	0	0	0	0	0	3
69	50	0	0.947197316	0	0	0	0	0	0	0	0	0	0	3
70	50	0	0.960924814	0	0	0	0	0	0	0	0	0	0	3
71	51	0	0.974652311	0	0	0	0	0	0	0	0	0	0	3
72	51	0	0.988379808	0	0	0	0	0	0	0	0	0	0	3
73	52	0	1.00210731	0	0	0	0	0	5e-06	0	100	0	0	3
74	53	0	1.0158348	0	0	0	0	0	5e-06	0	100	0	0	3
75	53	0	1.0295623	0	0	0	0	0	5e-06	0	100	0	0	3
76	54	0	1.0432898	0	0	0	0	0	5e-06	0	100	0	0	3
77	54	0	1.05701729	0	0	0	0	0	5e-06	0	100	0	0	3
78	55	0	1.07074479	0	0	0	0	0	5e-06	0	100	0	0	3
79	56	0	1.08447229	0	0	0	0	0	5e-06	0	100	0	0	3
80	56	0	1.09819979	0	0	0	0	0	5e-06	0	100	0	0	3
81	57	0	1.11192728	0	0	0	0	0	5e-06	0	100	0	0	3
82	57	0	1.12565478	0	0	0	0	0	5e-06	0	100	0	0	3
83	58	0	1.13938228	0	0	0	0	0	5e-06	0	100	0	0	3
84	59	0	1.15310978	0	0	0	0	0	5e-06	0	100	0	0	3
85	59	0	1.16683727	0	0	0	0	0	5e-06	0	100	0	0	3
