Iteration	CPUTime	PhysTime	Travels	Value	AvValue	MinValue	MaxValue	Delta	Criteria	PrevAvRefValue	Progress	CriteriaType	CriteriaVarType	CriteriaPercentage
1	6	0	0.0137274973	293.185807	293.185807	293.185807	293.185807	0	0	0	0	0	0	3
2	7	0	0.0274549947	293.18503	293.185418	293.18503	293.185807	0.000388593252	0	0	0	0	0	3
3	7	0	0.041182492	293.184982	293.185273	293.184982	293.185807	0.000534070086	0	0	0	0	0	3
4	8	0	0.0549099893	293.185032	293.185213	293.184982	293.185807	0.000594353858	0	0	0	0	0	3
5	8	0	0.0686374867	293.185056	293.185181	293.184982	293.185807	0.000625650658	0	0	0	0	0	3
6	9	0	0.082364984	293.185117	293.185171	293.184982	293.185807	0.00063638004	0	0	0	0	0	3
7	9	0	0.0960924814	293.185176	293.185171	293.184982	293.185807	0.00063638004	0	0	0	0	0	3
8	10	0	0.109819979	293.185243	293.18518	293.184982	293.185807	0.00063638004	0	0	0	0	0	3
9	11	0	0.123547476	293.185311	293.185195	293.184982	293.185807	0.00063638004	0	0	0	0	0	3
10	11	0	0.137274973	293.185381	293.185214	293.184982	293.185807	0.00063638004	0	0	0	0	0	3
11	12	0	0.151002471	293.185486	293.185238	293.184982	293.185807	0.00063638004	0	0	0	0	0	3
12	12	0	0.164729968	293.18559	293.185268	293.184982	293.185807	0.00063638004	0	0	0	0	0	3
13	13	0	0.178457465	293.185694	293.1853	293.184982	293.185807	0.00063638004	0	0	0	0	0	3
14	14	0	0.192184963	293.185795	293.185336	293.184982	293.185807	0.00063638004	0	0	0	0	0	3
15	14	0	0.20591246	293.185895	293.185373	293.184982	293.185895	0.00063638004	0	0	0	0	0	3
16	15	0	0.219639957	293.186044	293.185415	293.184982	293.186044	0.00063638004	0	0	0	0	0	3
17	15	0	0.233367455	293.186188	293.18546	293.184982	293.186188	0.00063638004	0	0	0	0	0	3
18	16	0	0.247094952	293.186325	293.185508	293.184982	293.186325	0.00063638004	0	0	0	0	0	3
19	17	0	0.260822449	293.186455	293.185558	293.184982	293.186455	0.00063638004	0	0	0	0	0	3
20	18	0	0.274549947	293.186575	293.185609	293.184982	293.186575	0.00063638004	0	0	0	0	0	3
21	18	0	0.288277444	293.18673	293.185663	293.184982	293.18673	0.00063638004	0	0	0	0	0	3
22	19	0	0.302004941	293.186861	293.185717	293.184982	293.186861	0.00063638004	0	0	0	0	0	3
23	20	0	0.315732439	293.186972	293.185772	293.184982	293.186972	0.00063638004	0	0	0	0	0	3
24	20	0	0.329459936	293.187067	293.185826	293.184982	293.187067	0.000654865937	0	0	0	0	0	3
25	21	0	0.343187433	293.187154	293.185879	293.184982	293.187154	0.000707996515	0	0	0	0	0	3
26	21	0	0.356914931	293.187278	293.185933	293.184982	293.187278	0.000761820471	0	0	0	0	0	3
27	22	0	0.370642428	293.187403	293.185987	293.184982	293.187403	0.00081629997	0	0	0	0	0	3
28	23	0	0.384369925	293.187533	293.186042	293.184982	293.187533	0.000871504547	0	0	0	0	0	3
29	23	0	0.398097423	293.187666	293.186098	293.184982	293.187666	0.000927505585	0	0	0	0	0	3
30	24	0	0.41182492	293.187803	293.186155	293.184982	293.187803	0.00098432979	0	0	0	0	0	3
31	25	0	0.425552417	293.188009	293.186215	293.184982	293.188009	0.00104413737	0	0	0	0	0	3
32	25	0	0.439279915	293.188211	293.186277	293.184982	293.188211	0.00110651167	0	0	0	0	0	3
33	26	0	0.453007412	293.188402	293.186342	293.184982	293.188402	0.00117088985	0	0	0	0	0	3
34	27	0	0.466734909	293.188578	293.186407	293.184982	293.188578	0.00123666642	0	0	0	0	0	3
35	27	0	0.480462407	293.188739	293.186474	293.184982	293.188739	0.00130327151	0	0	0	0	0	3
36	28	0	0.494189904	293.188946	293.186543	293.184982	293.188946	0.00137195243	0	0	0	0	0	3
37	29	0	0.507917401	293.189124	293.186612	293.184982	293.189124	0.00144173075	0	0	0	0	0	3
38	29	0	0.521644899	293.189274	293.186706	293.184982	293.189274	0.00153543043	0	0	0	0	0	3
39	30	0	0.535372396	293.189397	293.186824	293.184982	293.189397	0.00165346874	0	0	0	0	0	3
40	31	0	0.549099893	293.189496	293.186946	293.185032	293.189496	0.00177546826	0	0	0	0	0	3
41	31	0	0.562827391	293.189597	293.18707	293.185056	293.189597	0.00189883744	0	0	0	0	0	3
42	32	0	0.576554888	293.189662	293.187194	293.185117	293.189662	0.00202332255	0	0	0	0	0	3
43	33	0	0.590282385	293.189703	293.187318	293.185176	293.189703	0.0021464947	0	0	0	0	0	3
44	33	0	0.604009883	293.189727	293.187441	293.185243	293.189727	0.00226051659	0	0	0	0	0	3
45	34	0	0.61773738	293.18974	293.187562	293.185311	293.18974	0.00236749908	0	0	0	0	0	3
46	35	0	0.631464877	293.189748	293.187682	293.185381	293.189748	0.00246883493	0	0	0	0	0	3
47	35	0	0.645192375	293.189752	293.187801	293.185486	293.189752	0.00256217327	0	0	0	0	0	3
48	36	0	0.658919872	293.189754	293.187916	293.18559	293.189754	0.00264819046	0	0	0	0	0	3
49	37	0	0.672647369	293.189754	293.188028	293.185694	293.189754	0.00272796744	0	0	0	0	0	3
50	37	0	0.686374867	293.189753	293.188138	293.185795	293.189754	0.00280238035	0	0	0	0	0	3
51	38	0	0.700102364	293.189753	293.188245	293.185895	293.189754	0.002872049	0	0	0	0	0	3
52	39	0	0.713829861	293.189752	293.188349	293.186044	293.189754	0.0029343622	0	0	0	0	0	3
53	39	0	0.727557359	293.18975	293.188449	293.186188	293.189754	0.00298908401	0	0	0	0	0	3
54	40	0	0.741284856	293.189749	293.188546	293.186325	293.189754	0.00303727176	0	0	0	0	0	3
55	41	0	0.755012353	293.189748	293.188638	293.186455	293.189754	0.00307993149	0	0	0	0	0	3
56	41	0	0.768739851	293.189746	293.188727	293.186575	293.189754	0.00311804697	0	0	0	0	0	3
57	42	0	0.782467348	293.189745	293.188813	293.18673	293.189754	0.00302358361	0	0	0	0	0	3
58	42	0	0.796194845	293.189743	293.188894	293.186861	293.189754	0.00289257393	0	0	0	0	0	3
59	43	0	0.809922343	293.189742	293.188972	293.186972	293.189754	0.00278213618	0	0	0	0	0	3
60	44	0	0.82364984	293.189741	293.189047	293.187067	293.189754	0.00268662839	0	0	0	0	0	3
61	44	0	0.837377337	293.18974	293.189119	293.187154	293.189754	0.00260014453	0	0	0	0	0	3
62	45	0	0.851104835	293.189739	293.189189	293.187278	293.189754	0.00247585552	0	0	0	0	0	3
63	46	0	0.864832332	293.189738	293.189256	293.187403	293.189754	0.00235050798	0	0	0	0	0	3
64	46	0	0.878559829	293.189737	293.189319	293.187533	293.189754	0.00222124678	0	0	0	0	0	3
65	47	0	0.892287327	293.189736	293.189378	293.187666	293.189754	0.00208774027	0	0	0	0	0	3
66	48	0	0.906014824	293.189736	293.189434	293.187803	293.189754	0.0019510432	0	0	0	0	0	3
67	48	0	0.919742322	293.189735	293.189486	293.188009	293.189754	0.00174491006	0	0	0	0	0	3
68	49	0	0.933469819	293.189734	293.189533	293.188211	293.189754	0.00154316012	0	0	0	0	0	3
69	50	0	0.947197316	293.189734	293.189574	293.188402	293.189754	0.00135228324	0	0	0	0	0	3
70	50	0	0.960924814	293.189733	293.18961	293.188578	293.189754	0.00117598158	0	0	0	0	0	3
71	51	0	0.974652311	293.189732	293.189641	293.188739	293.189754	0.00101543051	0	0	0	0	0	3
72	51	0	0.988379808	293.189732	293.189668	293.188946	293.189754	0.000807490237	0	0	0	0	0	3
73	52	0	1.00210731	293.189731	293.189689	293.189124	293.189754	0.00062952454	0.000143157559	0	22.7	0	0	3
74	53	0	1.0158348	293.189731	293.189706	293.189274	293.189754	0.000480006907	0.000143157559	0	29.8	0	0	3
75	53	0	1.0295623	293.18973	293.189718	293.189397	293.189754	0.000356663605	0.000143157559	0	40.1	0	0	3
76	54	0	1.0432898	293.189729	293.189727	293.189496	293.189754	0.000257936512	0.000143157559	0	55.5	0	0	3
77	54	0	1.05701729	293.189729	293.189733	293.189597	293.189754	0.000157440569	0.000143157559	0	90.9	0	0	3
78	55	0	1.07074479	293.189728	293.189737	293.189662	293.189754	9.17835285e-05	0.000143157559	0	100	0	0	3
79	56	0	1.08447229	293.189728	293.189739	293.189703	293.189754	5.12625549e-05	0.000143157559	0	100	0	0	3
80	56	0	1.09819979	293.189728	293.189739	293.189727	293.189754	2.72797338e-05	0.000143157559	0	100	0	0	3
81	57	0	1.11192728	293.189727	293.189739	293.189727	293.189754	2.66112608e-05	0.000143157559	0	100	0	0	3
82	57	0	1.12565478	293.189727	293.189739	293.189727	293.189754	2.71932469e-05	0.000143157559	0	100	0	0	3
83	58	0	1.13938228	293.189726	293.189738	293.189726	293.189754	2.77530435e-05	0.000143157559	0	100	0	0	3
84	59	0	1.15310978	293.189726	293.189738	293.189726	293.189754	2.79982958e-05	0.000143157559	0	100	0	0	3
85	59	0	1.16683727	293.189725	293.189737	293.189725	293.189754	2.85704427e-05	0.000143157559	0	100	0	0	3
